时间步,截面质量I0,压缩刚度A11,压-弯耦合刚度B11,弯曲刚度D11,跨径L,拱高f,拱截面宽b,拱截面高h,拱长S,长细比λ,左X弹性支撑系数KXL,左Y弹性支撑系数KYL,左转动弹性支撑系数KZL,右X弹性支撑系数KXR,右Y弹性支撑系数KYR,右转动弹性支撑系数KZR,荷载,节点_1_x位移,节点_1_y位移,节点_2_x位移,节点_2_y位移,节点_3_x位移,节点_3_y位移,节点_4_x位移,节点_4_y位移,节点_5_x位移,节点_5_y位移,节点_6_x位移,节点_6_y位移,节点_7_x位移,节点_7_y位移,节点_8_x位移,节点_8_y位移,节点_9_x位移,节点_9_y位移,节点_10_x位移,节点_10_y位移,节点_11_x位移,节点_11_y位移,节点_12_x位移,节点_12_y位移,节点_13_x位移,节点_13_y位移,节点_14_x位移,节点_14_y位移,节点_15_x位移,节点_15_y位移,节点_16_x位移,节点_16_y位移,节点_17_x位移,节点_17_y位移,节点_18_x位移,节点_18_y位移,节点_19_x位移,节点_19_y位移,节点_20_x位移,节点_20_y位移,节点_21_x位移,节点_21_y位移
1,5.323263775645469,86598249.08552012,1.4551915228366852e-11,331.61144995524,2.68016745818021,0.2670691834318577,0.1225070122771619,0.006701882222818032,2.7495320981466347,1405.0720372109788,1.4635970089070334,5.168781661604841,563.616950025598,1.4635970089070334,5.168781661604841,563.616950025598,0.0,0.0,0.0,0.0,0.0,0.0,0.0,0.0,0.0,0.0,0.0,0.0,0.0,0.0,0.0,0.0,0.0,0.0,0.0,0.0,0.0,0.0,0.0,0.0,0.0,0.0,0.0,0.0,0.0,0.0,0.0,0.0,0.0,0.0,0.0,0.0,0.0,0.0,0.0,0.0,0.0,0.0,0.0
2,5.323263775645469,86598249.08552012,1.4551915228366852e-11,331.61144995524,2.68016745818021,0.2670691834318577,0.1225070122771619,0.006701882222818032,2.7495320981466347,1405.0720372109788,1.4635970089070334,5.168781661604841,563.616950025598,1.4635970089070334,5.168781661604841,563.616950025598,2.436665459586801,-2.9680061821253507e-06,-3.223659600626458e-07,-1.1170954761300247e-07,-1.0158844610187767e-05,6.139590553649575e-06,-2.9449201632278777e-05,1.3140253657278885e-05,-5.3757076421705526e-05,1.9124409052334877e-05,-7.773836463532251e-05,2.297640880945063e-05,-9.61823006300282e-05,2.4371550735278123e-05,-0.00010496105016499614,2.3715579401473654e-05,-0.00010177141801575939,2.1917397958546766e-05,-8.652545572100049e-05,2.0058858764086928e-05,-6.13280427201239e-05,1.9043228113101508e-05,-3.0050812328986458e-05,1.9310980811259206e-05,2.4161181841950327e-06,2.0701537289056037e-05,3.109594304140724e-05,2.2507468827787376e-05,5.186564917100823e-05,2.3715386372883912e-05,6.222490144475516e-05,2.3368196564729182e-05,6.174273055982365e-05,2.0937760997278366e-05,5.209404295741196e-05,1.658441724583733e-05,3.667834155451204e-05,1.1210350716640714e-05,1.9899683047293816e-05,6.276619534715094e-06,6.2468421834170946e-06,2.9592513924627985e-06,-3.4111915867487487e-07
3,5.323263775645469,86598249.08552012,1.4551915228366852e-11,331.61144995524,2.68016745818021,0.2670691834318577,0.1225070122771619,0.006701882222818032,2.7495320981466347,1405.0720372109788,1.4635970089070334,5.168781661604841,563.616950025598,1.4635970089070334,5.168781661604841,563.616950025598,5.549807806607735,-6.7648894820364605e-06,-7.306373611239507e-07,1.0384847872895102e-06,-2.6616823727709405e-05,1.76719384544547e-05,-7.772027548435516e-05,3.631988434814757e-05,-0.00014225145841595787,5.226861145633998e-05,-0.00020591264878397198,6.252353841968266e-05,-0.0002546739862142553,6.620308783736952e-05,-0.0002773814975825752,6.438751371904437e-05,-0.0002677972148445242,5.951639056104262e-05,-0.00022568251959850859,5.450428278479384e-05,-0.00015675413250563979,5.179143470340175e-05,-7.153772424183143e-05,5.2568241305551735e-05,1.6660826909942863e-05,5.639010892481164e-05,9.429039760128942e-05,6.131598078198951e-05,0.0001501199582622258,6.45615438086535e-05,0.00017734172787898042,6.349218583590783e-05,0.00017479940692787332,5.665113458039295e-05,0.0001470996611320202,4.448088482146321e-05,0.00010358636356370762,2.947976694418553e-05,5.639284212161368e-05,1.5710882137927077e-05,1.7954191717546387e-05,6.7411069899904e-06,-7.816548893674345e-07
4,5.323263775645469,86598249.08552012,1.4551915228366852e-11,331.61144995524,2.68016745818021,0.2670691834318577,0.1225070122771619,0.006701882222818032,2.7495320981466347,1405.0720372109788,1.4635970089070334,5.168781661604841,563.616950025598,1.4635970089070334,5.168781661604841,563.616950025598,8.939354768858164,-1.0907290566393861e-05,-1.1668163751998437e-06,5.1556696603675844e-06,-5.224699536438485e-05,3.835885947150752e-05,-0.00015379059024303845,7.560090302137777e-05,-0.00028225199216832506,0.0001074571722187063,-0.00040892682434705795,0.00012791232888434997,-0.0005054727680071525,0.00013517477670066527,-0.0005492783512347704,0.00013139379268953437,-0.0005276722409048813,0.00012146981885331823,-0.0004401786241641742,0.00011128874872298718,-0.00029846450077268956,0.00010580412055345412,-0.0001240273615072478,0.0001074451909606728,5.593295762670011e-05,0.00011530116395504515,0.00021369445194812717,0.00012537523302620407,0.00032627319367520887,0.0001319118472508815,0.00037975083219778864,0.00012944813542678158,0.0003718158685064614,0.00011495703100043588,0.00031201599159810285,8.936256153567313e-05,0.0002196790804769175,5.78815811621436e-05,0.00011994417828033729,2.9019815548067123e-05,3.869299588712789e-05,1.0858772378886755e-05,-1.2710622562875909e-06
5,5.323263775645469,86598249.08552012,1.4551915228366852e-11,331.61144995524,2.68016745818021,0.2670691834318577,0.1225070122771619,0.006701882222818032,2.7495320981466347,1405.0720372109788,1.4635970089070334,5.168781661604841,563.616950025598,1.4635970089070334,5.168781661604841,563.616950025598,12.922562926726357,-1.579518651547888e-05,-1.653462423085812e-06,1.858193027707649e-05,-0.00010553066919224849,8.692707100657162e-05,-0.000313655226156822,0.00016353358448069526,-0.0005773854463918278,0.0002290416538603259,-0.0008372342544397229,0.0002710588363390213,-0.0010340980158868823,0.0002858348587758326,-0.0011206603633854494,0.00027771253467505445,-0.0010703559297769083,0.00025675654792812883,-0.0008822185707575848,0.00023518753634217367,-0.0005808565133732771,0.00022342364528164349,-0.00021165001366984178,0.00022668676382071464,0.00016791412535854843,0.00024315214171750904,0.0004991819277744196,0.0002643532247530938,0.0007334995936062423,0.0002779444345417904,0.0008414472995434799,0.0002721201888483969,0.0008182955907226267,0.00024030602861501755,0.000684587764536437,0.00018450439292993647,0.00048175716107717333,0.0001160601781654169,0.00026372713288404107,5.347213098045556e-05,8.619996776539883e-05,1.5692916589639236e-05,-1.873622417926009e-06
6,5.323263775645469,86598249.08552012,1.4551915228366852e-11,331.61144995524,2.68016745818021,0.2670691834318577,0.1225070122771619,0.006701882222818032,2.7495320981466347,1405.0720372109788,1.4635970089070334,5.168781661604841,563.616950025598,1.4635970089070334,5.168781661604841,563.616950025598,15.384522778950844,-1.8842050434467187e-05,-1.9166947203390695e-06,3.906824262962924e-05,-0.00017148573180993102,0.00015125899680695868,-0.0005129251545618383,0.00027685576478934243,-0.0009460858077575747,0.0003842544247586912,-0.0013728512204000483,0.00045322793226163166,-0.001695386406194884,0.0004775425580511868,-0.0018351982405805506,0.0004640711665377368,-0.001748127591215828,0.0004290851511589758,-0.0014324957326903502,0.00039262645488484244,-0.0009291515263186764,0.00037209628679171465,-0.0003135786539227162,0.00037653622724197856,0.0003184511527277174,0.00040327908153483654,0.0008690824116930479,0.00043833895132907485,0.001257054286080381,0.00046090836665718806,0.0014332200006427355,0.00045086868657784486,0.0013897613822217683,0.0003969095905445317,0.001161208348528949,0.00030236145959900584,0.000817112500970683,0.00018651756104406627,0.000447999992268386,8.080878001301668e-05,0.00014751139702480484,1.8671943146114102e-05,-2.283369775368412e-06
7,5.323263775645469,86598249.08552012,1.4551915228366852e-11,331.61144995524,2.68016745818021,0.2670691834318577,0.1225070122771619,0.006701882222818032,2.7495320981466347,1405.0720372109788,1.4635970089070334,5.168781661604841,563.616950025598,1.4635970089070334,5.168781661604841,563.616950025598,16.751392578892386,-2.0556966741888535e-05,-2.029294356451908e-06,6.12047301826022e-05,-0.00023744903837904434,0.00021720681871810585,-0.000713008776731994,0.0003916765280276675,-0.001317024212217625,0.0005409479137412969,-0.0019126186494898795,0.0006371031833762109,-0.0023629703037694343,0.0006713659535167528,-0.002558106952077438,0.0006528635103976223,-0.002435976696124861,0.0006037433469424053,-0.001993924531666286,0.0005517115438486918,-0.0012888464184518016,0.0005213028093367242,-0.00042625471805850327,0.00052577539114481,0.00045970540905494744,0.0005620383565661152,0.0012317219017630489,0.0006107832461514104,0.0017755671683527265,0.0006426134788778471,0.0020220116304391143,0.0006287506913881523,0.0019598950313946283,0.0005528177952176309,0.0016376207695027504,0.00041936091855389215,0.0011528620648869337,0.00025576444308090455,0.0006328281402619401,0.00010664660940527228,0.00020924739286012748,2.0318840688758982e-05,-2.5430334620126814e-06
8,5.323263775645469,86598249.08552012,1.4551915228366852e-11,331.61144995524,2.68016745818021,0.2670691834318577,0.1225070122771619,0.006701882222818032,2.7495320981466347,1405.0720372109788,1.4635970089070334,5.168781661604841,563.616950025598,1.4635970089070334,5.168781661604841,563.616950025598,17.614260024448445,-2.1660331201849704e-05,-2.072462402175613e-06,8.406745933723216e-05,-0.0003034962704616417,0.0002837601854475925,-0.0009139181618252159,0.0005069239396037542,-0.0016902517054948902,0.0006980340202695473,-0.002456836067582139,0.0008216354127416339,-0.00303768874751348,0.0008663451551956772,-0.003291090239931908,0.0008432478076409596,-0.003136769582248049,0.0007800011437095077,-0.002570738601752417,0.000711780223134789,-0.0016655945072271722,0.0006703792464482045,-0.0005566112989482374,0.0006736741905168647,0.0005838038377748323,0.0007186068833203471,0.001578793428500678,0.0007808049306169218,0.002280896666985646,0.0008222190083111933,0.0026004406415633045,0.0008051036112447716,0.0025225633068658485,0.0007076799737018809,0.002109237392235409,0.000535546551167171,0.0014860182084769269,0.00032423589078396897,0.0008166276548653386,0.00013171359900041266,0.0002708208083205483,2.1354289484322943e-05,-2.7331811102894174e-06
9,5.323263775645469,86598249.08552012,1.4551915228366852e-11,331.61144995524,2.68016745818021,0.2670691834318577,0.1225070122771619,0.006701882222818032,2.7495320981466347,1405.0720372109788,1.4635970089070334,5.168781661604841,563.616950025598,1.4635970089070334,5.168781661604841,563.616950025598,18.203344981242473,-2.2432983146346772e-05,-2.077870540513264e-06,0.00010729219351845048,-0.0003696478004780444,0.00035051593023531356,-0.001115646572559036,0.0006221653772843844,-0.0020657973855180726,0.0008550685612431206,-0.0030056774487964093,0.0010063932192986597,-0.0037199940262552015,0.00106208791458492,-0.004035009404333113,0.0010348906203384465,-0.0038518776603422805,0.0009575868474791428,-0.003164868286723363,0.0008726037327364573,-0.002061865101311852,0.0008191045573240161,-0.0007075597658638613,0.0008199835366586301,0.0006875621918664726,0.0008726909885946104,0.0019070600742272805,0.0009480817533526284,0.002769988534411618,0.0009994214673540518,0.003165844418370808,0.0009797050738540967,0.0030756420229078024,0.0008614080212628212,0.0025745348943791127,0.000650987348034629,0.0018156306401402847,0.00039214159600560206,0.000998913949502884,0.00015631108519462088,0.00033205220743152356,2.2059224790556486e-05,-2.8852805583148834e-06
10,5.323263775645469,86598249.08552012,1.4551915228366852e-11,331.61144995524,2.68016745818021,0.2670691834318577,0.1225070122771619,0.006701882222818032,2.7495320981466347,1405.0720372109788,1.4635970089070334,5.168781661604841,563.616950025598,1.4635970089070334,5.168781661604841,563.616950025598,18.627352185291024,-2.3007582498741172e-05,-2.060505407092044e-06,0.0001307002532847314,-0.000435894984967734,0.00041726460011859716,-0.0013181388667272156,0.0007371607383549133,-0.002443585974398801,0.0010117868997476084,-0.00355910608524673,0.0011911013768879193,-0.004409964761925129,0.0012583296703747389,-0.004790135419739164,0.001227560385167233,-0.004581825152391979,0.001136315034547142,-0.003777123539269803,0.001034038409941707,-0.002478749522251267,0.0009673549340192066,-0.0008804268716724183,0.0009645705150783681,0.0007695041607824209,0.0010241290184887768,0.002215010236165762,0.0011124261108010679,0.0032414175725592287,0.0011740342495740856,0.00371698922104944,0.0011524093769180867,0.0036181583355641895,0.0010139318144395033,0.003032825968844203,0.0007657026272452945,0.0021412779269510064,0.0004595782622707693,0.0011794758296776197,0.00018058246336096948,0.0003928636525065035,2.2566362946050198e-05,-3.014206265630938e-06
11,5.323263775645469,86598249.08552012,1.4551915228366852e-11,331.61144995524,2.68016745818021,0.2670691834318577,0.1225070122771619,0.006701882222818032,2.7495320981466347,1405.0720372109788,1.4635970089070334,5.168781661604841,563.616950025598,1.4635970089070334,5.168781661604841,563.616950025598,18.943467733489168,-2.345393538893261e-05,-2.0282740761455297e-06,0.0001541915839564079,-0.0005022174380986416,0.00048387767786357074,-0.0015213198426010284,0.0008517480301679091,-0.002823496782682108,0.0011679943570001234,-0.004116992067228111,0.0013755427755041863,-0.005107515017402552,0.0014548511861533606,-0.005556483200846638,0.0014210600259955402,-0.005326776344441738,0.0013160280677034439,-0.004407849410095759,0.001195966611171403,-0.002916781548569136,0.0011150349120064317,-0.0010759149564082138,0.0011073346501278157,0.0008288080673395909,0.001172794407859366,0.002501774600227353,0.001273683460685548,0.0036943464695101762,0.0013458948086252423,0.004253139901652753,0.00132307840926979,0.004149526595248064,0.0011651666845292996,0.0034836932768855943,0.0008796733323753313,0.0024627022464005104,0.0005265838313071821,0.0013581837370407596,0.00020459995827158187,0.00045320841531380714,2.2945555823345467e-05,-3.127778972750318e-06
12,5.323263775645469,86598249.08552012,1.4551915228366852e-11,331.61144995524,2.68016745818021,0.2670691834318577,0.1225070122771619,0.006701882222818032,2.7495320981466347,1405.0720372109788,1.4635970089070334,5.168781661604841,563.616950025598,1.4635970089070334,5.168781661604841,563.616950025598,19.184845387705767,-2.381250924763087e-05,-1.9857789442741066e-06,0.00017770320990123499,-0.000568589657001687,0.0005502654098657663,-0.0017251044100348944,0.0009658030341856847,-0.0032053838268417444,0.0013235297456299245,-0.004679151241284395,0.00155952676935153,-0.005812462224658762,0.001651451581091618,-0.006333918161018976,0.0016152038980743598,-0.0060866879583887454,0.0014965759738582154,-0.0050571271378643,0.0013582785657550607,-0.0033761845296411915,0.0012620602751142276,-0.0012943861796589802,0.0012481910553462578,0.0008650001951223417,0.0013185787700358933,0.0027668159224857277,0.001431716119810575,0.00412823262808754,0.0015148514537083224,0.004773802814756476,0.0014915750153976838,0.004669341522074217,0.0013150171232590064,0.003926839613380876,0.0009928583978739925,0.002779714669157279,0.0005931659667100874,0.0015349404263260817,0.00022840145915951226,0.0005130518669810478,2.323731250390964e-05,-3.230524489033489e-06
13,5.323263775645469,86598249.08552012,1.4551915228366852e-11,331.61144995524,2.68016745818021,0.2670691834318577,0.1225070122771619,0.006701882222818032,2.7495320981466347,1405.0720372109788,1.4635970089070334,5.168781661604841,563.616950025598,1.4635970089070334,5.168781661604841,563.616950025598,19.372090186862884,-2.4108438852575763e-05,-1.9358953909166565e-06,0.00020119202724161816,-0.0006349839281475268,0.0006163598758979012,-0.001929402290905818,0.0010792240418061915,-0.003589085028427869,0.0014782526789259781,-0.005245362422897452,0.0017428791208452432,-0.006524556077350949,0.0018479402912830103,-0.007122199925153616,0.0018098109813394613,-0.006861369620262503,0.0016778104162834119,-0.00572485148970735,0.0015208671446050568,-0.0038569635346155516,0.0014083539146303467,-0.0015359653384063472,0.0013870676231827394,0.0008778470977259053,0.0014613904269978346,0.0030098232575928737,0.0015864030985449327,0.004542731161139293,0.00168076472621188,0.005278643450211497,0.0016577666197841985,0.005177314258847955,0.0014633836032148172,0.004362043361942484,0.0011052053763246558,0.0030921681161642503,0.0006593161611771126,0.0017096672287766886,0.0002520067199974507,0.0005723657951557042,2.346680662317603e-05,-3.3252475344759743e-06
14,5.323263775645469,86598249.08552012,1.4551915228366852e-11,331.61144995524,2.68016745818021,0.2670691834318577,0.1225070122771619,0.006701882222818032,2.7495320981466347,1405.0720372109788,1.4635970089070334,5.168781661604841,563.616950025598,1.4635970089070334,5.168781661604841,563.616950025598,19.518468910185607,-2.4357907671683807e-05,-1.8804885355388407e-06,0.0002246261774505179,-0.0007013716738292096,0.0006821044929396177,-0.002134123423258952,0.0011919197196472388,-0.003974438898618544,0.001632031454632359,-0.005815403983562051,0.0019254325130005922,-0.007243543197907678,0.0020441323336974774,-0.00792108108403041,0.0020047049178499904,-0.007650619168259363,0.0018595867983158018,-0.0064109006994765546,0.0016836275573629815,-0.00435910324412768,0.0015538390196488797,-0.0018007547601854158,0.0015238901099207513,0.0008671375381805427,0.0016011332037451022,0.003230505263192878,0.001737616980013317,0.0049375123897827345,0.001843487270339228,0.005767337241464742,0.0018215115107429658,0.00567316080364573,0.0016101562531812676,0.004789083885672389,0.0012166504377323507,0.0033999145421924563,0.0007250140730107227,0.0018822845988529235,0.00027542407655851145,0.0006311224752332235,2.3650260849810548e-05,-3.4137425587504645e-06
15,5.323263775645469,86598249.08552012,1.4551915228366852e-11,331.61144995524,2.68016745818021,0.2670691834318577,0.1225070122771619,0.006701882222818032,2.7495320981466347,1405.0720372109788,1.4635970089070334,5.168781661604841,563.616950025598,1.4635970089070334,5.168781661604841,563.616950025598,19.633180956845717,-2.457211009368259e-05,-1.82086231838716e-06,0.0002479810865026007,-0.0007677240615518338,0.0007474526362660425,-0.0023391750619893956,0.0013038114386235676,-0.004361272023391938,0.0017847480305336232,-0.006389024623841355,0.002107031064820437,-0.007969114670507984,0.0022398490849803274,-0.008730226826124038,0.002199710113481463,-0.008454112594236566,0.002041758390874581,-0.007114998290372544,0.0018464549360052102,-0.004882407030150254,0.0016984455140208548,-0.002088659459335266,0.0016585998340342175,0.0008328600556895863,0.0017377334309327816,0.003428758719454713,0.0018852549240542188,0.005312411068736725,0.0020028929162645695,0.006239692303539852,0.0019826820956240195,0.006156694859344233,0.0017552314776476605,0.005207804650344188,0.0013271297650972438,0.0037028417023222786,0.0007902355954876306,0.002052728603823041,0.00029865641399055094,0.0006892986673490763,2.379890556389798e-05,-3.497248458597725e-06
16,5.323263775645469,86598249.08552012,1.4551915228366852e-11,331.61144995524,2.68016745818021,0.2670691834318577,0.1225070122771619,0.006701882222818032,2.7495320981466347,1405.0720372109788,1.4635970089070334,5.168781661604841,563.616950025598,1.4635970089070334,5.168781661604841,563.616950025598,19.7225797308688,-2.475877555400097e-05,-1.7579285940183464e-06,0.0002712364473769688,-0.0008340121781647714,0.0008123617325773184,-0.002544466143125484,0.0014148239480426615,-0.00474941587202944,0.0019362869940932597,-0.006965982531199182,0.0022875211674487235,-0.008700976874763846,0.002434914366975843,-0.009549324269218467,0.002394653728583648,-0.009271554647723437,0.0022241809537862805,-0.007836902832007313,0.002009245512587509,-0.005426718275866214,0.001842101921397907,-0.002399627573396726,0.0017911337145344681,0.0007749591201182134,0.0018711104183878695,0.003604437726027762,0.0020292055164225094,0.005667222941544876,0.0021588465864309935,0.006695483397716913,0.002141142410872408,0.006627703717603876,0.001898498174591539,0.005618030159011003,0.0014365729073125427,0.004000825609569851,0.0008549508582812111,0.002220929703276737,0.00032170178661431115,0.0007468698412052277,2.392050710514641e-05,-3.5766105956130826e-06
17,5.323263775645469,86598249.08552012,1.4551915228366852e-11,331.61144995524,2.68016745818021,0.2670691834318577,0.1225070122771619,0.006701882222818032,2.7495320981466347,1405.0720372109788,1.4635970089070334,5.168781661604841,563.616950025598,1.4635970089070334,5.168781661604841,563.616950025598,19.79132681968575,-2.492355657527889e-05,-1.6923651837257377e-06,0.0002943752336682576,-0.0009002073646997416,0.0008767942303572327,-0.002749905312013949,0.0015248890241054923,-0.005138697928028704,0.0020865410864053862,-0.007546024129696529,0.002466756639074135,-0.009438812644451046,0.0026291568560457184,-0.010378022195684575,0.002589364584746548,-0.010102595468502479,0.002406709961260011,-0.008576302438952464,0.002171895968777543,-0.005991796680457715,0.0019847407245688984,-0.002733515161361987,0.0019214374854374203,0.000693473217953841,0.0020011962905364094,0.003757485440161402,0.0021693715142462517,0.006001821951544649,0.002311225647897005,0.007134548684074642,0.002296765076014588,0.007086021646074277,0.0020398494704575772,0.0060196160091604495,0.0015449101675181825,0.004293759783985717,0.0009191286827913761,0.0023868260442743107,0.00034455604249616835,0.0008038136439045278,2.4020752969953597e-05,-3.6524435646704054e-06
18,5.323263775645469,86598249.08552012,1.4551915228366852e-11,331.61144995524,2.68016745818021,0.2670691834318577,0.1225070122771619,0.006701882222818032,2.7495320981466347,1405.0720372109788,1.4635970089070334,5.168781661604841,563.616950025598,1.4635970089070334,5.168781661604841,563.616950025598,19.84287937896471,-2.507063257682236e-05,-1.6246832494232865e-06,0.00031738264921800645,-0.0009662812778797559,0.0009407157969501706,-0.002955402078812856,0.0016339428297373546,-0.005528946187680667,0.0022354082178522357,-0.008128894557473837,0.002644596348415422,-0.010182300274384262,0.002822409169961414,-0.011215960398448944,0.0027836738325284923,-0.010946871043167944,0.0025892019460620817,-0.009332865694036697,0.0023343038484556562,-0.006577377567220591,0.002126296330161829,-0.0030901504695419885,0.002049460604112555,0.0005884698825432532,0.0021279284745669325,0.003887872829135112,0.0023056614915929743,0.006316106504956563,0.0024599124469869725,0.007556746110812546,0.002449425871607281,0.007531497532413306,0.002179179584187624,0.00641242740572003,0.0016520712953467212,0.0045815431248819195,0.0009827364274947478,0.0025503581161132665,0.00036721328028769683,0.0008601084512600124,2.4103856632442853e-05,-3.7251968056009145e-06
19,5.323263775645469,86598249.08552012,1.4551915228366852e-11,331.61144995524,2.68016745818021,0.2670691834318577,0.1225070122771619,0.006701882222818032,2.7495320981466347,1405.0720372109788,1.4635970089070334,5.168781661604841,563.616950025598,1.4635970089070334,5.168781661604841,563.616950025598,19.87983758845895,-2.5203140244847005e-05,-1.5552757375828706e-06,0.0003402452591775417,-0.001032205605971643,0.0010040936647081067,-0.0031608666560233208,0.0017419232947804377,-0.005919990525355871,0.0023827881555945696,-0.00871434258060432,0.002820900917663109,-0.010931123995574407,0.003014505375955686,-0.012062787411623015,0.002977413631739983,-0.011804029083768331,0.002771513960038718,-0.010106275658071045,0.002496366763324028,-0.007183212847047675,0.0022667028305121055,-0.003469379605546304,0.0021751518724295485,0.0004599983505477952,0.002251243369599005,0.003995552999758456,0.0024379825558758046,0.006609958569817296,0.0026047874087304045,0.007961919569294517,0.0025989982920041526,0.007963969256753923,0.0023163802815429806,0.006796321809201275,0.001757983689868823,0.0048640698052251526,0.0010457394445319008,0.0027114641453096747,0.00038966604748992496,0.0009157320679548745,2.4172989057101195e-05,-3.7952010610605637e-06
20,5.323263775645469,86598249.08552012,1.4551915228366852e-11,331.61144995524,2.68016745818021,0.2670691834318577,0.1225070122771619,0.006701882222818032,2.7495320981466347,1405.0720372109788,1.4635970089070334,5.168781661604841,563.616950025598,1.4635970089070334,5.168781661604841,563.616950025598,19.904259041955356,-2.532354009633192e-05,-1.4844590701378499e-06,0.000362951428946461,-0.0010979529738746245,0.0010668992720072358,-0.0033662103756951175,0.0018487757446303522,-0.006311658947076135,0.002528590594232915,-0.009302107611549282,0.0029955412782469277,-0.01168494656058747,0.003205287669167881,-0.012918114375176109,0.0031704207117908643,-0.012673661772483564,0.002953504972691769,-0.010896141504017312,0.002657984554466274,-0.0078089643205468875,0.002405900412918552,-0.0038709470715729646,0.0022984722335136127,0.0003082141305992505,0.0023710951205757795,0.0040805822143975615,0.0025662622786364413,0.006883352983070026,0.0027457502843924076,0.008349990333265188,0.002745370974912502,0.008383333852774347,0.0024513531218284825,0.007171197302586827,0.0018625797982346844,0.005141257964796272,0.0011081048794099398,0.002870093430503341,0.00041190685841256236,0.0009706654196990731,2.4230641903434158e-05,-3.862715786267361e-06
21,5.323263775645469,86598249.08552012,1.4551915228366852e-11,331.61144995524,2.68016745818021,0.2670691834318577,0.1225070122771619,0.006701882222818032,2.7495320981466347,1405.0720372109788,1.4635970089070334,5.168781661604841,563.616950025598,1.4635970089070334,5.168781661604841,563.616950025598,19.917716647870034,-2.5433712397949383e-05,-1.412483499166817e-06,0.000385489881003228,-0.0011634956568472772,0.0011291036108367362,-0.0035713450395179203,0.0019544440193033823,-0.006703783082558708,0.0026727229485470024,-0.009891938896495192,0.0031683860089854157,-0.012443449913001359,0.0033945966266298753,-0.013781583580359918,0.003362531239741433,-0.013555405799194028,0.0031350338829657268,-0.011702129953498964,0.002819056178499785,-0.008454362284927453,0.0025438261129850023,-0.00429467312307618,0.002419376374063219,0.0001331944213134962,0.002487428739659606,0.004142941001644773,0.0026904174547292734,0.0071361963069545686,0.0028826900908135705,0.008720822678643133,0.0028884233164997767,0.00878944481879088,0.002583992666822503,0.007536922165276446,0.001965787365456377,0.005413008194933895,0.0011697970929247228,0.0030261871626392207,0.00043392682638426945,0.0010248872214354322,2.427872824634677e-05,-3.927931260856585e-06
22,5.323263775645469,86598249.08552012,1.4551915228366852e-11,331.61144995524,2.68016745818021,0.2670691834318577,0.1225070122771619,0.006701882222818032,2.7495320981466347,1405.0720372109788,1.4635970089070334,5.168781661604841,563.616950025598,1.4635970089070334,5.168781661604841,563.616950025598,19.921506739263883,-2.5535185929858883e-05,-1.339559107511522e-06,0.0004078508133914975,-0.0012288071214391497,0.0011906817433169747,-0.0037761842439710024,0.002058879576557779,-0.007096193913263879,0.0028151032671061044,-0.010483578101362637,0.003339315178911425,-0.013206296686905252,0.0035822824286529595,-0.014652802268827382,0.0035535874322739805,-0.014448844542515875,0.003315962739490149,-0.012523835650553643,0.002979483728411269,-0.009119048024247562,0.0026804237783380814,-0.004740276538703799,0.0025378319301214603,-6.487636698437626e-05,0.002600208146370383,0.004182714931098948,0.0028103869544912397,0.007368490526815254,0.003015517106526282,0.009074361092734124,0.003028051843474449,0.009182217552162164,0.0027142050250543604,0.007893407631103588,0.0020675405281513973,0.0056792467484647734,0.001230783142234791,0.0031796985623088626,0.0004557175901934479,0.001078379605312439,2.43188061521758e-05,-3.991003503711459e-06
23,5.323263775645469,86598249.08552012,1.4551915228366852e-11,331.61144995524,2.68016745818021,0.2670691834318577,0.1225070122771619,0.006701882222818032,2.7495320981466347,1405.0720372109788,1.4635970089070334,5.168781661604841,563.616950025598,1.4635970089070334,5.168781661604841,563.616950025598,19.91665869324848,-2.5629169351425188e-05,-1.2658592441318542e-06,0.00043002475341189596,-0.0012938608109581626,0.0012516089961265274,-0.003980642246999469,0.002162034144557908,-0.007488724943313641,0.002955649991146025,-0.011076772669761904,0.0035082094701992025,-0.013973160008195071,0.003768196084121118,-0.01553139406367993,0.0037434323966624166,-0.015353584240508426,0.0034961542217015746,-0.013360882237913286,0.0031391692904826855,-0.009802696713382582,0.002815636328081094,-0.005207512934303532,0.00265380462029705,-0.00028585136369874435,0.002709394523100605,0.004199953652924058,0.0029261064291174407,0.007580205488419851,0.0031441383154851735,0.009410523467847043,0.0031641500688879528,0.009561547374605593,0.0028418938069720095,0.008240551424189344,0.0021677715480262695,0.0059398920930012235,0.0012910288454101306,0.0033305773254853057,0.00047727009810125777,0.001131123766013721,2.435211405990729e-05,-4.052050782717715e-06
24,5.323263775645469,86598249.08552012,1.4551915228366852e-11,331.61144995524,2.68016745818021,0.2670691834318577,0.1225070122771619,0.006701882222818032,2.7495320981466347,1405.0720372109788,1.4635970089070334,5.168781661604841,563.616950025598,1.4635970089070334,5.168781661604841,563.616950025598,19.9040206417795,-2.5716648026545323e-05,-1.191531484243777e-06,0.0004520028778345177,-0.0013586306445862735,0.0013118623499563486,-0.004184634443256443,0.0022638625696731296,-0.007881210946963618,0.0030942860377591733,-0.011671270549603112,0.0036749546034597616,-0.014743711687841018,0.003952193086748356,-0.01641697855493265,0.003931912355252637,-0.016269223711421598,0.003675472785710573,-0.014212882160442055,0.003298016293451297,-0.010504968498933677,0.0029494089151892353,-0.0056961196358773945,0.00276726427993127,-0.0005295634268491236,0.002814955126525708,0.004194727305147381,0.0030375186724415004,0.0077713300676978195,0.0032684675454046,0.009729244019803913,0.0032966168974371255,0.0099273425670903,0.0029669660730084623,0.008578260594573991,0.0022664143984146077,0.006194868482226183,0.0013505005727494023,0.0034787759722507295,0.0004985752566910457,0.001183101738230793,2.4379665945634546e-05,-4.111167409652781e-06
25,5.323263775645469,86598249.08552012,1.4551915228366852e-11,331.61144995524,2.68016745818021,0.2670691834318577,0.1225070122771619,0.006701882222818032,2.7495320981466347,1405.0720372109788,1.4635970089070334,5.168781661604841,563.616950025598,1.4635970089070334,5.168781661604841,563.616950025598,19.884309891959056,-2.5798440923903277e-05,-1.1167036756301929e-06,0.00047377731040771216,-0.0014230916242511057,0.0013714215820638186,-0.004388078582068663,0.0023643251436649463,-0.00827348901181398,0.0032309422809265903,-0.012266819560157464,0.003839445463992475,-0.01551761819660096,0.004134137377729542,-0.01730916227840245,0.004118879804820356,-0.017195339227137927,0.003853786910578171,-0.015079414954331375,0.003455931452590556,-0.011225480635559731,0.003081691573263514,-0.006205782950264744,0.0028781890872983103,-0.0007957896470529152,0.002916869344450172,0.004167162188116073,0.0031445809562887415,0.007941905322141458,0.003388432987342415,0.010030501757622788,0.0034253631917605873,0.010279546709981055,0.003089337223392883,0.008906467274732648,0.0023634078280079115,0.006444115584201061,0.0014091667857297596,0.003624254471059382,0.0005196244546262144,0.0012342977455962487,2.4402306848489358e-05,-4.168432196362566e-06
26,5.323263775645469,86598249.08552012,1.4551915228366852e-11,331.61144995524,2.68016745818021,0.2670691834318577,0.1225070122771619,0.006701882222818032,2.7495320981466347,1405.0720372109788,1.4635970089070334,5.168781661604841,563.616950025598,1.4635970089070334,5.168781661604841,563.616950025598,19.85810383457362,-2.5875206878241543e-05,-1.041485528601973e-06,0.0004953398597303913,-0.0014872179834215875,0.0014302650971002675,-0.004590891426681079,0.0024633794676938376,-0.008665397060108613,0.0033655457932917996,-0.012863173223369904,0.004001572721834715,-0.016294559950847557,0.004313889138042991,-0.01820757701568495,0.004304184477219927,-0.01813154555017846,0.0040309630723761,-0.0159601121909785,0.0036128191994720133,-0.01196391430169858,0.0032124303973394405,-0.006736261641339047,0.0029865506309599875,-0.0010843834969576935,0.003015107248265181,0.004117309540097078,0.0032472394540704877,0.008091903708583167,0.0035039515358898953,0.010314217761743048,0.0035502898951550155,0.010618058714041975,0.003208915120876338,0.009225072764821115,0.0024586856821402197,0.006687554738443028,0.0014669933379961046,0.0037669642200823727,0.0005404081052842225,0.0012846935881485235,2.4420723724291413e-05,-4.223902053282654e-06
27,5.323263775645469,86598249.08552012,1.4551915228366852e-11,331.61144995524,2.68016745818021,0.2670691834318577,0.1225070122771619,0.006701882222818032,2.7495320981466347,1405.0720372109788,1.4635970089070334,5.168781661604841,563.616950025598,1.4635970089070334,5.168781661604841,563.616950025598,19.825923023436197,-2.594751978220525e-05,-9.659755336655405e-07,0.0005166838817453431,-0.0015509861816500813,0.0014883763098348566,-0.004792994379720992,0.002560993054203778,-0.00905677709161356,0.003498038251279057,-0.013460083353180649,0.00416124404223245,-0.017074203778250287,0.004491324500119108,-0.01911182345219758,0.0044876882987454885,-0.019077404867991143,0.004206875974305838,-0.016854529750642788,0.0037685909057908326,-0.012719853109507618,0.0033415814122622024,-0.007287199439004312,0.0030923369574349766,-0.0013950734056320786,0.003109662668827596,0.0040453462035430895,0.0033454688823144354,0.008221414333339233,0.0036149688390824295,0.010580413082731905,0.0036713224494725597,0.010942856039824145,0.0033256252809882145,0.009534033908307019,0.0025521923925556377,0.0069251412302781135,0.001523951075118728,0.0039068729594063925,0.0005609180731031388,0.0013342758415201762,2.4435513385314263e-05,-4.277631509837881e-06
28,5.323263775645469,86598249.08552012,1.4551915228366852e-11,331.61144995524,2.68016745818021,0.2670691834318577,0.1225070122771619,0.006701882222818032,2.7495320981466347,1405.0720372109788,1.4635970089070334,5.168781661604841,563.616950025598,1.4635970089070334,5.168781661604841,563.616950025598,19.788189749198487,-2.6015844942540892e-05,-8.902599970346424e-07,0.0005378022633554366,-0.0016143717521574217,0.0015457369101726504,-0.004994307479823081,0.0026571301205491277,-0.009447471480855823,0.003628356701190549,-0.014057307191638956,0.004318361946426959,-0.017856230716402282,0.004666314964355676,-0.020021528643344378,0.004669249737927046,-0.020032520136870808,0.004381397809589196,-0.017762279129136485,0.003923155208182823,-0.013492949459784598,0.0034690961255394374,-0.007858318453101655,0.0031955286539409244,-0.0017276707537979337,0.0032005189280938087,0.00395136726191511,0.0034392314559912483,0.008330451378434328,0.0037214178446239553,0.01082904536228957,0.0037883751803639136,0.01125386711419158,0.0034393848210314427,0.009833273615111163,0.002643866984940281,0.007156810123784055,0.001580008022989235,0.004043938944272405,0.0005811452248259288,0.0013830283864791515,2.4447166404782323e-05,-4.329658615627038e-06
29,5.323263775645469,86598249.08552012,1.4551915228366852e-11,331.61144995524,2.68016745818021,0.2670691834318577,0.1225070122771619,0.006701882222818032,2.7495320981466347,1405.0720372109788,1.4635970089070334,5.168781661604841,563.616950025598,1.4635970089070334,5.168781661604841,563.616950025598,19.74528168399115,-2.608058609695898e-05,-8.144169990494825e-07,0.0005586888145101925,-0.0016773516166980207,0.0016023315881856326,-0.005194753961758475,0.0027517609102396196,-0.009837326316935666,0.003756447244907152,-0.014654603611795443,0.004472839743480163,-0.018640318135552857,0.00483874244201649,-0.02093630770630808,0.004848735521460057,-0.02099647186197255,0.004554406464147104,-0.018682937694032294,0.0040764252630306275,-0.014282810168292179,0.003594931838783476,-0.008449285597959814,0.0032961155939655244,-0.0020819256877467303,0.0032876728036314784,0.003835530255658078,0.0035285057315634417,0.008419087708118542,0.0038232481251021327,0.011060123033043713,0.003901376673479013,0.011551060697983964,0.003550121165091996,0.010122743670122041,0.0027336546416401207,0.007382514375605415,0.0016351350699244389,0.004178129187935595,0.0006010812327441135,0.0014309377033928279,2.4456108740760734e-05,-4.380018299559641e-06
30,5.323263775645469,86598249.08552012,1.4551915228366852e-11,331.61144995524,2.68016745818021,0.2670691834318577,0.1225070122771619,0.006701882222818032,2.7495320981466347,1405.0720372109788,1.4635970089070334,5.168781661604841,563.616950025598,1.4635970089070334,5.168781661604841,563.616950025598,19.697526700133164,-2.614208650654312e-05,-7.385170054413048e-07,0.0005793376876487939,-0.0017399031939970392,0.0016581461088411237,-0.005394258565716875,0.0028448579324875612,-0.010226190334385451,0.003882259572417129,-0.01525173508746577,0.0046245952604158915,-0.01942614757442635,0.005008493468673274,-0.021855779977707036,0.005026016221314604,-0.021968844352890135,0.004725782511087273,-0.01961608567267699,0.004228316011260003,-0.015089043358237767,0.003719047559275216,-0.009059767120563805,0.0033940901527039534,-0.002457585761392742,0.003371124815304246,0.0036979967184403773,0.0036132749914882627,0.008487400850360906,0.003920414170874668,0.011273659258294688,0.004010259757744996,0.011834409896290643,0.003657764722513332,0.010402399475661298,0.002821502218169662,0.007602209554726348,0.001689303784745021,0.0043094121596653255,0.000620717897130042,0.00147799076525512,2.4462704953084755e-05,-4.428739275303169e-06
31,5.323263775645469,86598249.08552012,1.4551915228366852e-11,331.61144995524,2.68016745818021,0.2670691834318577,0.1225070122771619,0.006701882222818032,2.7495320981466347,1405.0720372109788,1.4635970089070334,5.168781661604841,563.616950025598,1.4635970089070334,5.168781661604841,563.616950025598,19.64520532675761,-2.6200635998417264e-05,-6.626242662568359e-07,0.0005997429679435702,-0.0018020036483329244,0.0017131660220463785,-0.005592745767241649,0.0029363934442747145,-0.010613912806348593,0.0040057432192314064,-0.015848466550948435,0.004773546307214855,-0.020213406194792567,0.005175454638320552,-0.022779574834052,0.005200962419229147,-0.022949237169389437,0.004895406293819769,-0.0205613238561028,0.0043787417631265925,-0.015911282280768144,0.003841401170993286,-0.009689457528470594,0.0034894430968772988,-0.002854428102486723,0.0034508734553592496,0.00353889922562396,0.003693520187634686,0.00853544185602914,0.004012868016467568,0.011469644806544766,0.004114954888681085,0.012103870602889845,0.0037622438856138836,0.01067218468521596,0.0029073550818385684,0.007815844354369973,0.0017424848546328333,0.00443775317839904,0.0006400466684373005,0.00152417366216491,2.4467266723452926e-05,-4.475842821041308e-06
32,5.323263775645469,86598249.08552012,1.4551915228366852e-11,331.61144995524,2.68016745818021,0.2670691834318577,0.1225070122771619,0.006701882222818032,2.7495320981466347,1405.0720372109788,1.4635970089070334,5.168781661604841,563.616950025598,1.4635970089070334,5.168781661604841,563.616950025598,19.588581106114876,-2.6256494320245338e-05,-5.867975929510303e-07,0.0006198999489571823,-0.0018636323079380135,0.00176738083104297,-0.0057901453099787085,0.0030263476603939353,-0.011000349906872351,0.004126859851886831,-0.01644456806260598,0.004919625564150392,-0.021001780088248944,0.0053395275212915,-0.02370730991361249,0.005373457284920319,-0.023937224064122423,0.00506316742081363,-0.0215182112259091,0.004527624095926153,-0.016749102376365756,0.003961958754747198,-0.010337979725708562,0.0035821772924262635,-0.003272149003108135,0.0035269345355906944,0.0033584540180885024,0.003769243648005455,0.008563341349114585,0.004100584026116734,0.011648140018113472,0.004215412299296441,0.012359454355724097,0.0038635018164484727,0.010932083016221344,0.0029911677318992117,0.008023392460741362,0.0017946533564976897,0.004563129886106031,0.0006590602962507803,0.0015694761920783495,2.4470071349752584e-05,-4.521352170903175e-06
33,5.323263775645469,86598249.08552012,1.4551915228366852e-11,331.61144995524,2.68016745818021,0.2670691834318577,0.1225070122771619,0.006701882222818032,2.7495320981466347,1405.0720372109788,1.4635970089070334,5.168781661604841,563.616950025598,1.4635970089070334,5.168781661604841,563.616950025598,19.527872295303553,-2.6309876537116092e-05,-5.110914873441312e-07,0.0006398032193930855,-0.0019247670828609243,0.001820777793774757,-0.00598638400413391,0.0031146965874351883,-0.011385355161384501,0.00424556509739663,-0.01703981056308045,0.005062758614568096,-0.021790963670162145,0.0055006067027936105,-0.024638622504633962,0.005543378055545866,-0.02493241257164355,0.0052289507854083785,-0.02248635583668086,0.004674880197950201,-0.017602142397989913,0.0040806808279574966,-0.011005031066109238,0.0036722874793386315,-0.003710525560105142,0.0035993126847500808,0.003156795990478399,0.0038404341999131023,0.008571154042128963,0.00418352246629274,0.011809139896688083,0.004311569509732983,0.012601121373378264,0.003961471826742389,0.011182042103240256,0.003072888238454947,0.008224805699996202,0.0018457810444483253,0.004685509478078413,0.0006777504328058788,0.0016138851052852003,2.447135429557664e-05,-4.565280940328424e-06
34,5.323263775645469,86598249.08552012,1.4551915228366852e-11,331.61144995524,2.68016745818021,0.2670691834318577,0.1225070122771619,0.006701882222818032,2.7495320981466347,1405.0720372109788,1.4635970089070334,5.168781661604841,563.616950025598,1.4635970089070334,5.168781661604841,563.616950025598,19.46329068114325,-2.636097971134307e-05,-4.3555602707471133e-07,0.0006594486937006682,-0.001985388390263178,0.001873348499541371,-0.006181394851887275,0.0032014249452743423,-0.011768790512622326,0.004361827935404781,-0.01763397192822893,0.005202887587843373,-0.022580651843924316,0.00565860369763731,-0.025573138884743343,0.005710616491375423,-0.025934383781392283,0.005392652197028124,-0.02346532156840259,0.004820435783826911,-0.018469979082693214,0.0041975370967846795,-0.011690231348742385,0.0037597815427907193,-0.004169246694557865,0.0036680312632917937,0.002934151838367706,0.003907103955435506,0.008559022376801905,0.004261668187525934,0.011952716418589467,0.0044033860469515065,0.012828893596673694,0.00405610387638378,0.011422054128303234,0.003152475075717902,0.008420063751364925,0.001895844721102369,0.0048048729382727095,0.0006961102392926843,0.001657391316586626,2.4471328185942804e-05,-4.607646677103067e-06
35,5.323263775645469,86598249.08552012,1.4551915228366852e-11,331.61144995524,2.68016745818021,0.2670691834318577,0.1225070122771619,0.006701882222818032,2.7495320981466347,1405.0720372109788,1.4635970089070334,5.168781661604841,563.616950025598,1.4635970089070334,5.168781661604841,563.616950025598,19.395018837650742,-2.6409971317142617e-05,-3.6023808194120737e-07,0.0006788319852868523,-0.002045476023790916,0.0019250836290852502,-0.00637510973064848,0.003286515890536485,-0.012150517339269244,0.004475615303213071,-0.01822683176328745,0.005339952392816111,-0.02337054557315044,0.005813427962578917,-0.026510497702035125,0.005875062627349541,-0.026942738880086022,0.005554165931404462,-0.02445470061448505,0.004964214807775447,-0.019352224926712895,0.004312494742665131,-0.012393241698416256,0.0038446636795989694,-0.004648045544389052,0.0037331087332419487,0.0026907042256202876,0.003969259265034636,0.00852704800149209,0.0043350000877822766,0.01207890664399726,0.004490816045314935,0.013042765715134439,0.004147343646033686,0.011652092284546329,0.0032298838361519747,0.008609134933916272,0.0019448196351319466,0.004921195894177472,0.0007141323386689592,0.0016999842059588208,2.4470177323274148e-05,-4.648461243963703e-06
36,5.323263775645469,86598249.08552012,1.4551915228366852e-11,331.61144995524,2.68016745818021,0.2670691834318577,0.1225070122771619,0.006701882222818032,2.7495320981466347,1405.0720372109788,1.4635970089070334,5.168781661604841,563.616950025598,1.4635970089070334,5.168781661604841,563.616950025598,19.323224771780488,-2.645699991243386e-05,-2.851814329539589e-07,0.0006979490985076554,-0.002105010508016631,0.001975975193868951,-0.006567462564088002,0.0033699554206558457,-0.012530400356708604,0.004586898704439622,-0.018818173662817492,0.005473898827030471,-0.024160349457394207,0.0059649951291183,-0.027450339801140214,0.006036611857520396,-0.027957078912528726,0.00571339019292173,-0.025454081983170857,0.005106143950781512,-0.02024848574324919,0.004425523487752498,-0.01311371299689804,0.003926941629863259,-0.005146642027705088,0.0037945688016469384,0.0024266507044875783,0.004026913243112676,0.008475347516785251,0.00440350432873047,0.012187761227869019,0.0045738201371863805,0.013242743718542236,0.004235141656240489,0.011872138289679807,0.003305073024459399,0.008791993172965095,0.00199268236666615,0.0050344569197708095,0.0007318097127052666,0.0017416540859792715,2.446806571470447e-05,-4.6877356217737396e-06
37,5.323263775645469,86598249.08552012,1.4551915228366852e-11,331.61144995524,2.68016745818021,0.2670691834318577,0.1225070122771619,0.006701882222818032,2.7495320981466347,1405.0720372109788,1.4635970089070334,5.168781661604841,563.616950025598,1.4635970089070334,5.168781661604841,563.616950025598,19.248068171804483,-2.6502200141788692e-05,-2.1042653302986268e-07,0.0007167968077508583,-0.002163973961611818,0.002026017715299078,-0.006758391530541845,0.003451734675372658,-0.012908310849402534,0.004695657765535594,-0.01940778845172829,0.0056046831020090185,-0.024949773419172296,0.006113231947519821,-0.028392306708582723,0.006195169497918262,-0.02897699864333479,0.0058702308238654756,-0.02646303990812521,0.005246155569430574,-0.021158343459685158,0.004536598361489001,-0.013851263701407794,0.004006630140543332,-0.0056647171152390974,0.0038524452073440104,0.002142231003558869,0.004080091810423042,0.008404078976332085,0.004467180995698565,0.012279367974513587,0.004652371735218661,0.013428863940091462,0.0043194582563466566,0.012082196179939884,0.0033780073488905104,0.008968626672822281,0.002039412492939233,0.005144641822040964,0.0007491362215823694,0.001782393518976138,2.4465140621470252e-05,-4.725482303227414e-06
38,5.323263775645469,86598249.08552012,1.4551915228366852e-11,331.61144995524,2.68016745818021,0.2670691834318577,0.1225070122771619,0.006701882222818032,2.7495320981466347,1405.0720372109788,1.4635970089070334,5.168781661604841,563.616950025598,1.4635970089070334,5.168781661604841,563.616950025598,19.16968414680244,-2.654568526013074e-05,-1.3601257447906813e-07,0.0007353711299082586,-0.0022223468537372975,0.0020752034256861602,-0.006947830970327366,0.003531840563005135,-0.013284115353028649,0.004801865974900967,-0.019995464060337552,0.005732253996846659,-0.0257385299882224,0.006258057419038286,-0.029336051818460655,0.006350633840842931,-0.030002117024780686,0.006024587786066664,-0.02748118667949306,0.005384176815559437,-0.022081431542522,0.004645688684662082,-0.014605574918123554,0.00408373640821944,-0.0062020214859988335,0.0039067615752501365,0.0018376132228739212,0.004128808565399778,0.008313332407020634,0.004526016968284601,0.012353755210087974,0.004726431986424347,0.013601115336933535,0.004400244033085588,0.01228223624138407,0.0034486450101708145,0.009139002904094622,0.002084986202855578,0.005251726347872012,0.0007661046254541375,0.0018221920769821648,2.4461530824694417e-05,-4.761707040890353e-06
39,5.323263775645469,86598249.08552012,1.4551915228366852e-11,331.61144995524,2.68016745818021,0.2670691834318577,0.1225070122771619,0.006701882222818032,2.7495320981466347,1405.0720372109788,1.4635970089070334,5.168781661604841,563.616950025598,1.4635970089070334,5.168781661604841,563.616950025598,19.088213432543093,-2.6587564496253305e-05,-6.197477845544832e-08,0.0007536697179165813,-0.002280113177512427,0.002123529773502087,-0.007135724380899944,0.0036102704178044473,-0.013657694041634619,0.004905513044721357,-0.02058100237865852,0.005856581006080573,-0.026526339885568948,0.006399412728834496,-0.030281224399445437,0.006502923266366253,-0.03103203107244643,0.006176376905530374,-0.028508091431936965,0.005520147061515599,-0.023017318271716814,0.004752775442015737,-0.015376242679449682,0.004158282736155593,-0.006758206168614736,0.003957562673456031,0.0015130716332404106,0.00417310395110196,0.008203301169546935,0.004580028426644601,0.012411043239476555,0.0047959892069538825,0.013759561419556653,0.0044774708019699695,0.012472283051922363,0.003516957871218719,0.009303123599160938,0.0021293864537483666,0.005355703413591971,0.000782709732900785,0.0018610446009276042,2.4457354930631255e-05,-4.79642245759567e-06
40,5.323263775645469,86598249.08552012,1.4551915228366852e-11,331.61144995524,2.68016745818021,0.2670691834318577,0.1225070122771619,0.006701882222818032,2.7495320981466347,1405.0720372109788,1.4635970089070334,5.168781661604841,563.616950025598,1.4635970089070334,5.168781661604841,563.616950025598,19.003774441665954,-2.6627929260836304e-05,1.1652178422530181e-08,0.0007716893299135901,-0.0023372549708198533,0.002170991499388993,-0.0073220106001771045,0.0036870165355587445,-0.014028921046013375,0.005006581316983637,-0.02116420094876112,0.005977624633753682,-0.027312925261232784,0.006537229643359786,-0.03122748520231557,0.006651947576494101,-0.03206636285659789,0.006325506857129729,-0.029543363815944575,0.0056539994622296,-0.023965627651056746,0.004857832951718844,-0.016162931451844168,0.004230282715661099,-0.007332998940990457,0.0040048816265325915,0.0011688011815205537,0.004213004154654275,0.00807410294723114,0.004629216232777503,0.012451285946603366,0.00486101745919823,0.013904212586002315,0.00455109902646924,0.012652323183645585,0.003582910245017498,0.00946096705619717,0.002172592285579491,0.005456554501813674,0.0007989450929847362,0.001898942517306315,2.4452717121100748e-05,-4.8296342594669805e-06
41,5.323263775645469,86598249.08552012,1.4551915228366852e-11,331.61144995524,2.68016745818021,0.2670691834318577,0.1225070122771619,0.006701882222818032,2.7495320981466347,1405.0720372109788,1.4635970089070334,5.168781661604841,563.616950025598,1.4635970089070334,5.168781661604841,563.616950025598,18.91648510033942,-2.6666865396562118e-05,8.483644110524182e-08,0.000789427645625006,-0.0023937563157874725,0.00221758629975385,-0.007506633948933365,0.0037620772190985166,-0.014397679082917282,0.005105062667148587,-0.02174486692392381,0.006095357786850259,-0.028098015684162935,0.00667145342546586,-0.03217449665381177,0.0067976289322441005,-0.03310472733120518,0.006471896074222079,-0.030586595574868515,0.005785674461327534,-0.024925954239626385,0.004960842070982679,-0.016965265484747458,0.004299758133513081,-0.007926079020649835,0.004048763123804737,0.0008050496480974623,0.004248550330257893,0.007925907574826108,0.004673597815955012,0.012474584074517268,0.004921506314179551,0.01403511754512603,0.004621101344009029,0.012822371361314306,0.0036464742642485742,0.009612529541318277,0.002214586582876738,0.005554270215183111,0.0008148053982318056,0.001935880091047639,2.444771252773084e-05,-4.861351400362419e-06
42,5.323263775645469,86598249.08552012,1.4551915228366852e-11,331.61144995524,2.68016745818021,0.2670691834318577,0.1225070122771619,0.006701882222818032,2.7495320981466347,1405.0720372109788,1.4635970089070334,5.168781661604841,563.616950025598,1.4635970089070334,5.168781661604841,563.616950025598,18.826455042453315,-2.670444980787314e-05,1.5754779285406368e-07,0.0008068824775140736,-0.002449601630172477,0.0022633123623758333,-0.007689539934380018,0.003835451963467691,-0.014763853264077668,0.005200951145145482,-0.02232281124767045,0.0062097565114931615,-0.028881345802661784,0.0068020329805053925,-0.03312192734038135,0.006939892935711146,-0.03414674645510712,0.006615465594460908,-0.03163738596439856,0.0059151140549148,-0.025897900080498523,0.005061784488306108,-0.017782875789496545,0.00436673157513372,-0.008537131171065075,0.0040892532682381445,0.00042206064561234693,0.0042797858501558515,0.007758881958238233,0.004713193353570817,0.012481036471631889,0.004977448020619633,0.014152323951979049,0.004687452464862262,0.012982441982813854,0.0037076233076735366,0.009757807451846796,0.0022553527613673576,0.005648841429448533,0.0008302854613958005,0.001971851737988386,2.444242682200407e-05,-4.891581910905976e-06
43,5.323263775645469,86598249.08552012,1.4551915228366852e-11,331.61144995524,2.68016745818021,0.2670691834318577,0.1225070122771619,0.006701882222818032,2.7495320981466347,1405.0720372109788,1.4635970089070334,5.168781661604841,563.616950025598,1.4635970089070334,5.168781661604841,563.616950025598,18.73378335488932,-2.6740750135971478e-05,2.2975678058291244e-07,0.0008240513893177362,-0.0025047747518594185,0.002308167213866403,-0.007870672757033586,0.003907139235388114,-0.015127327249917779,0.005294239565943638,-0.02289784428090927,0.006320795551347819,-0.02966265189637057,0.006928915922491954,-0.03406945107241957,0.007078663893169954,-0.03519205219832974,0.0067561350718578096,-0.032695349657677855,0.006042258644169082,-0.02688108784050417,0.005160639959041709,-0.018615418180461227,0.004431223246528139,-0.009165867457703782,0.004126395312661578,2.0049920983741792e-05,0.004306750879523896,0.007573166566414843,0.004748019634589375,0.012470718793330208,0.005028831574068455,0.01425586095830618,0.004750124346061325,0.01313253628974144,0.003766328773663205,0.009896789189598713,0.0022948731185536394,0.005740255187851848,0.0008453797052207727,0.002006850749423768,2.4436937323359782e-05,-4.920331144321997e-06
44,5.323263775645469,86598249.08552012,1.4551915228366852e-11,331.61144995524,2.68016745818021,0.2670691834318577,0.1225070122771619,0.006701882222818032,2.7495320981466347,1405.0720372109788,1.4635970089070334,5.168781661604841,563.616950025598,1.4635970089070334,5.168781661604841,563.616950025598,18.638572513691116,-2.6775832002741208e-05,3.014371877430837e-07,0.0008409331330227728,-0.002559262346854343,0.0023521520798558703,-0.008049984358282943,0.003977144910589547,-0.01548799705362908,0.005384932506002767,-0.023469790848281318,0.006428465196378193,-0.030441682598729966,0.007052067197345724,-0.035016747100524034,0.00721388249864348,-0.036240270786433194,0.006893837529404522,-0.033760081520885714,0.006167058710265233,-0.027875105157574836,0.005257396790771495,-0.019462499004502993,0.004493263317078005,-0.009811939060728213,0.004160246291462225,-0.00040069958374484653,0.0043295036132557155,0.007368968978637775,0.004778113887933987,0.012443767561776233,0.005075665591515528,0.014345807763482559,0.004809104712328827,0.013272692436354431,0.003822572415992124,0.010029486763780135,0.002333135131982461,0.005828510567646393,0.0008600841128085364,0.002040874188111381,2.4431314800532867e-05,-4.947609297734515e-06
45,5.323263775645469,86598249.08552012,1.4551915228366852e-11,331.61144995524,2.68016745818021,0.2670691834318577,0.1225070122771619,0.006701882222818032,2.7495320981466347,1405.0720372109788,1.4635970089070334,5.168781661604841,563.616950025598,1.4635970089070334,5.168781661604841,563.616950025598,18.540909505438588,-2.6809750394471282e-05,3.7256196671933673e-07,0.000857525459722229,-0.0026130487181068706,0.002395265242372379,-0.008227420631462411,0.004045469416124733,-0.01584574991253199,0.005473026493871738,-0.024038467080022313,0.006532745632083235,-0.031218182062792352,0.007171440746986842,-0.035963498979174766,0.007345478945460776,-0.03729104566444466,0.007028496934294721,-0.03483120883273029,0.006289457058003346,-0.028879587754858403,0.0053520358842613636,-0.020323786457183825,0.004552873150013814,-0.010475068775828773,0.004190851774357006,-0.0008399807879824905,0.004348088039321268,0.007146422926781878,0.004803497652272326,0.012400253393085571,0.005117943653445222,0.014422190091993959,0.004864368998185553,0.013402909805782206,0.003876327649137421,0.01015588796462372,0.0023701219158173766,0.005913594648878944,0.0008743932726281815,0.0020739154683624503,2.4425623117267034e-05,-4.973420281365713e-06
46,5.323263775645469,86598249.08552012,1.4551915228366852e-11,331.61144995524,2.68016745818021,0.2670691834318577,0.1225070122771619,0.006701882222818032,2.7495320981466347,1405.0720372109788,1.4635970089070334,5.168781661604841,563.616950025598,1.4635970089070334,5.168781661604841,563.616950025598,18.44088693086546,-2.684256017181161e-05,4.431076075625773e-07,0.0008738274875147857,-0.0026661215103026127,0.002437509188688323,-0.008402936639137621,0.0041121215353269475,-0.016200487795869724,0.005558531330276943,-0.024603706533802235,0.006633634683338226,-0.031991909677157766,0.007287010362541435,-0.03690939763108185,0.007473402427394954,-0.03834401434831981,0.007160052930290728,-0.03590833691144912,0.006409408364613494,-0.029894131600374123,0.0054445480495057775,-0.02119889208100169,0.004610085324470654,-0.011154909291736164,0.0042182726942369825,-0.0012975089327674713,0.004362568360451553,0.006905739994172666,0.0048242155906240425,0.01234031770364504,0.00515568174417715,0.014485091999077247,0.004915910818352089,0.013523230831659227,0.003927579931781645,0.010276008116923804,0.002405822651218906,0.005995508555232381,0.0008883036116955085,0.0021059724122867336,2.4419920786444048e-05,-4.997773900404316e-06
47,5.323263775645469,86598249.08552012,1.4551915228366852e-11,331.61144995524,2.68016745818021,0.2670691834318577,0.1225070122771619,0.006701882222818032,2.7495320981466347,1405.0720372109788,1.4635970089070334,5.168781661604841,563.616950025598,1.4635970089070334,5.168781661604841,563.616950025598,18.3385873449706,-2.687430894528387e-05,5.130504096637972e-07,0.0008898377853565826,-0.0027184670816872768,0.0024788848277977563,-0.008576484233394542,0.004177107248434533,-0.016552108195647078,0.005641452846456059,-0.025165338690631367,0.006731125366667425,-0.03276262350473845,0.0073987447084590515,-0.03785413800902307,0.007597597220915938,-0.03939882615973432,0.0072884407738755645,-0.036991091640577636,0.006526863324693782,-0.030918362335079035,0.005534919996702878,-0.022087464923461288,0.004664927503330396,-0.011851156172230273,0.004242563767888714,-0.0017730442456090202,0.004373001298257982,0.006647088232598578,0.004840304233369876,0.012264063163312527,0.005188888093434091,0.014534566149708397,0.004963717394563654,0.013633675256357997,0.003976310327547084,0.01038984845408415,0.0024402241689769188,0.006074246483724218,0.0009018107865989457,0.0021370407550959634,2.4414261072004934e-05,-5.020676205623522e-06
48,5.323263775645469,86598249.08552012,1.4551915228366852e-11,331.61144995524,2.68016745818021,0.2670691834318577,0.1225070122771619,0.006701882222818032,2.7495320981466347,1405.0720372109788,1.4635970089070334,5.168781661604841,563.616950025598,1.4635970089070334,5.168781661604841,563.616950025598,18.23409104282257,-2.6905041118829926e-05,5.823680807104502e-07,0.000905555242274887,-0.002770072617063712,0.00251939410857763,-0.008748017713533668,0.0042404347766205885,-0.016900512887427027,0.005721800706621846,-0.02572319874038101,0.00682521607448734,-0.033530087772896816,0.007506618687511657,-0.0387974202258828,0.007718013613612089,-0.04045513435443514,0.007413600527502109,-0.03807909969307172,0.006641775906169625,-0.031951903279123416,0.005623140703047081,-0.022989148241178127,0.004717429728460732,-0.012563495960616594,0.00426378325130985,-0.002266335643084705,0.004379448651586661,0.006370647830474392,0.0048518062126806,0.012171603919834456,0.0052175769264015915,0.014570674942092295,0.005007780787917817,0.013734270240054221,0.004022503018607887,0.01049741516299786,0.0024733148045292612,0.006149805293622177,0.000914910879914704,0.0021671171144619183,2.4408692739934298e-05,-5.042133988956253e-06
49,5.323263775645469,86598249.08552012,1.4551915228366852e-11,331.61144995524,2.68016745818021,0.2670691834318577,0.1225070122771619,0.006701882222818032,2.7495320981466347,1405.0720372109788,1.4635970089070334,5.168781661604841,563.616950025598,1.4635970089070334,5.168781661604841,563.616950025598,18.127478567792902,-2.6934799246979716e-05,6.510404956681298e-07,0.0009209793983400635,-0.0028209270233689678,0.002559040964724248,-0.00891749629891482,0.004302116358076391,-0.01724561203252698,0.0057995911971638415,-0.02627713265954315,0.006915914344840426,-0.03429407772746981,0.00761061786857142,-0.03973895377266263,0.007834612381391142,-0.041512595182806984,0.007535480973583892,-0.03917198508550553,0.006754106420528659,-0.03299436682007359,0.005709203870218216,-0.023903566520246278,0.004767626841474454,-0.013291589647645905,0.004281996014875116,-0.0027771020075334873,0.004381981370121944,0.006076630254861223,0.00485877510604173,0.012063083276770652,0.005241773423273328,0.014593505206793035,0.005048102127516009,0.0138250612676805,0.004066148239411343,0.010598726375866537,0.002505085932627357,0.006222188081747682,0.0009276008771326513,0.0021962001179341665,2.4403260172143585e-05,-5.062156426139824e-06
50,5.323263775645469,86598249.08552012,1.4551915228366852e-11,331.61144995524,2.68016745818021,0.2670691834318577,0.1225070122771619,0.006701882222818032,2.7495320981466347,1405.0720372109788,1.4635970089070334,5.168781661604841,563.616950025598,1.4635970089070334,5.168781661604841,563.616950025598,18.018819897308887,-2.696361931779055e-05,7.190461346690871e-07,0.0009361088677146821,-0.002871016876441846,0.0025978266841080863,-0.009084873029541949,0.004362159425548341,-0.01758730624185983,0.005874833490969471,-0.026826975762540676,0.007003218645909096,-0.03505436042177019,0.0077107176453794024,-0.04067844501849371,0.00794734422393226,-0.04257087433738065,0.007654021941970014,-0.04026939272030789,0.006863807623704228,-0.03404540116424703,0.005793096309548133,-0.024830392689487807,0.004815546152691641,-0.014035156154278852,0.004297257502881302,-0.0033051250407396832,0.004380658667163098,0.005765184662905735,0.0048612512244610466,0.011938588042748527,0.005261489687114393,0.014603097325540744,0.005084671550440419,0.013906059762846144,0.004107228614214994,0.010693778720985312,0.002535524879370635,0.006291387176488287,0.0009398764653950705,0.002224285076635961,2.439800458382542e-05,-5.080747449201852e-06
51,5.323263775645469,86598249.08552012,1.4551915228366852e-11,331.61144995524,2.68016745818021,0.2670691834318577,0.1225070122771619,0.006701882222818032,2.7495320981466347,1405.0720372109788,1.4635970089070334,5.168781661604841,563.616950025598,1.4635970089070334,5.168781661604841,563.616950025598,17.90819239827782,-2.6991539171169086e-05,7.863677309736523e-07,0.000950943858088458,-0.0029203329596303113,0.002635757275333301,-0.00925011271208419,0.004420580615962838,-0.017925515632619803,0.0059475514533066974,-0.027372587603525393,0.007087147399290357,-0.0358107262349801,0.007806916597770088,-0.04161561757061098,0.008056182849527178,-0.043629638253159096,0.007769182857700084,-0.041370951479514334,0.006970847178352173,-0.03510461636368508,0.005874816535998742,-0.025769241293181925,0.004861226951752106,-0.014793839280241819,0.004309639014743404,-0.003850100990043168,0.0043755610491175165,0.005436547556124438,0.004859300093169975,0.011798285649348527,0.0052767631029547405,0.014599558804012057,0.005117500330212233,0.013977327057314762,0.004145741106101424,0.010782600958444926,0.002564626332650082,0.006357411411706622,0.0009517355817936602,0.002251372535296259,2.439296291818259e-05,-5.097918054998894e-06
52,5.323263775645469,86598249.08552012,1.4551915228366852e-11,331.61144995524,2.68016745818021,0.2670691834318577,0.1225070122771619,0.006701882222818032,2.7495320981466347,1405.0720372109788,1.4635970089070334,5.168781661604841,563.616950025598,1.4635970089070334,5.168781661604841,563.616950025598,17.795662576019538,-2.7018590342214543e-05,8.52986099590309e-07,0.0009654834827921263,-0.0029688632665593974,0.002672835612395292,-0.009413172679384588,0.004477390834229887,-0.018260148580797473,0.0060177604071886695,-0.027913814259110527,0.007167708017668862,-0.03656295448817124,0.007899200885087262,-0.042550190418297544,0.008161089621199125,-0.04468856160358646,0.007880912205130059,-0.04247631190059872,0.00707518360062118,-0.03617166135030302,0.005954354926586991,-0.026719780504428938,0.004904699766411583,-0.01556734776763323,0.004319200881012564,-0.004411797125867936,0.0043667552771703,0.005090884572146261,0.004852971592142626,0.011642278989882666,0.005287615555574066,0.01458294388000524,0.0051465866920792245,0.014038885266782396,0.004181673635273416,0.010865196987349227,0.002592380180000368,0.006420257115034088,0.0009631746301682147,0.002277459170619,2.438816985624013e-05,-5.11367332024066e-06
53,5.323263775645469,86598249.08552012,1.4551915228366852e-11,331.61144995524,2.68016745818021,0.2670691834318577,0.1225070122771619,0.006701882222818032,2.7495320981466347,1405.0720372109788,1.4635970089070334,5.168781661604841,563.616950025598,1.4635970089070334,5.168781661604841,563.616950025598,17.681299633448152,-2.704480440268103e-05,9.188846765892949e-07,0.0009797277315923203,-0.003016598188803005,0.002709067164960915,-0.009574017078905742,0.004532606115648437,-0.018591125022281378,0.006085484034608968,-0.02845051662301019,0.00724491952845016,-0.03731083949637825,0.007987570374079671,-0.04348189370104353,0.008262039645206182,-0.04574732377943012,0.007989170165158719,-0.043585120062452014,0.007176784108602507,-0.03724616852564198,0.006031708287295101,-0.027681650951042896,0.004946001392597105,-0.01635535336028206,0.004326011814525727,-0.004989937527983757,0.004354319706040742,0.004728406227217959,0.004842329667019633,0.011470712790738693,0.005294083245646716,0.014553341845923351,0.005171940911068756,0.014090782739368073,0.004215022297902297,0.01094158772070184,0.0026187804885738726,0.006479929448639694,0.0009741912779711644,0.0023025444890158128,2.4383656679381787e-05,-5.128021962581639e-06
54,5.323263775645469,86598249.08552012,1.4551915228366852e-11,331.61144995524,2.68016745818021,0.2670691834318577,0.1225070122771619,0.006701882222818032,2.7495320981466347,1405.0720372109788,1.4635970089070334,5.168781661604841,563.616950025598,1.4635970089070334,5.168781661604841,563.616950025598,17.56516962715125,-2.7070210419641526e-05,9.840473961609278e-07,0.0009936765666154596,-0.0030635281460046084,0.0027444573540238515,-0.009732610352942959,0.00458624259160759,-0.018918365813644287,0.0061507465673655715,-0.028982557482373748,0.007318802133777017,-0.038054178879049445,0.008072026632076066,-0.04441046274064484,0.008359009826520273,-0.04680560954313106,0.00809391827579648,-0.04469702868496627,0.007275616470079309,-0.03832777889124575,0.0061068731843205324,-0.028654502693515528,0.004985167937799013,-0.017157537285749307,0.004330139920211379,-0.005584255163687281,0.004338332550353386,0.004349315137888635,0.0048274386379400964,0.011283725123822525,0.005296202993023828,0.014510836779089946,0.005193573813793765,0.014133064175421296,0.004245783509872411,0.011011791955216956,0.0026438214065986868,0.006536432642552385,0.0009847831801060355,0.002326627767727537,2.4379452174416045e-05,-5.140972032013843e-06
55,5.323263775645469,86598249.08552012,1.4551915228366852e-11,331.61144995524,2.68016745818021,0.2670691834318577,0.1225070122771619,0.006701882222818032,2.7495320981466347,1405.0720372109788,1.4635970089070334,5.168781661604841,563.616950025598,1.4635970089070334,5.168781661604841,563.616950025598,17.447334130127814,-2.7094834454994156e-05,1.0484578196357495e-06,0.0010073296110700428,-0.0031096427085713888,0.002779010692134957,-0.009888914728262085,0.004638314921789109,-0.019241788469115496,0.006213570289485705,-0.029509796026660432,0.007389373788182696,-0.03879276739840896,0.008152568836938512,-0.04533563232829224,0.008451974621361349,-0.04786310738074069,0.008195115613964752,-0.04581169978393506,0.007371645989533321,-0.03941614812545796,0.006179843626362853,-0.02963800481736293,0.005022232735792862,-0.0179736032847396,0.004331650184671137,-0.006194507235110501,0.004318868521857826,0.0039537899231069035,0.004808359028141683,0.011081432190078627,0.005294007868259574,0.014455494635820288,0.005211492960908357,0.014165760944391249,0.004273951288433007,0.011075820085692453,0.0026674957319485167,0.006589766764363377,0.0009949475304780078,0.0023497070137845,2.4375583270283535e-05,-5.152529504200787e-06
56,5.323263775645469,86598249.08552012,1.4551915228366852e-11,331.61144995524,2.68016745818021,0.2670691834318577,0.1225070122771619,0.006701882222818032,2.7495320981466347,1405.0720372109788,1.4635970089070334,5.168781661604841,563.616950025598,1.4635970089070334,5.168781661604841,563.616950025598,17.32785842365213,-2.7118703453785203e-05,1.112102752807067e-06,0.0010206875680472155,-0.0031549345329811005,0.002812734773922065,-0.01004290128763452,0.004688843700102324,-0.01956132567163074,0.006273987134097429,-0.03003211120362012,0.007456666005073485,-0.03952642026839559,0.008229212501798033,-0.046257154026422866,0.008540925271632686,-0.048919514890468904,0.00829273593057243,-0.04692879168904019,0.007464849032837917,-0.040510913423677575,0.00625062160298499,-0.030631794885376533,0.005057236313090852,-0.018803211505222805,0.004330616811154904,-0.006820399116940559,0.0042960152474195564,0.0035420637854372905,0.0047851674864388795,0.010864001629279635,0.005287547790664087,0.014387424820926075,0.005225720435878532,0.014188937045785301,0.004299529721605856,0.011133703733399324,0.0026898014867843723,0.0066399429109754785,0.0010046831206705017,0.002371783787947575,2.4372073581649108e-05,-5.162704981232576e-06
57,5.323263775645469,86598249.08552012,1.4551915228366852e-11,331.61144995524,2.68016745818021,0.2670691834318577,0.1225070122771619,0.006701882222818032,2.7495320981466347,1405.0720372109788,1.4635970089070334,5.168781661604841,563.616950025598,1.4635970089070334,5.168781661604841,563.616950025598,17.206799278154612,-2.7141839677673976e-05,1.1749664898910768e-06,0.001033749999595269,-0.0031993931922189543,0.0028456340210544374,-0.01019453258873246,0.004737843817070348,-0.019876896162954558,0.006332020514179406,-0.03054936487489939,0.0075206991026503,-0.04025493762712573,0.008301960129573314,-0.047174769265353654,0.008625839668575483,-0.049974529514906406,0.008386740805047123,-0.04804797751940907,0.0075551918397085294,-0.04161174350082209,0.006319200593293866,-0.03163555663778565,0.005090210807413373,-0.019646080593144877,0.004327103938833563,-0.00746170214631089,0.004269847612950392,0.003114302598674879,0.004757925702106896,0.010631538658656705,0.005276857379127253,0.01430668446158477,0.005236265072904408,0.014202617549082521,0.004322513504371053,0.011185449553850603,0.002710731643952151,0.0066869594867484975,0.0010139871232313729,0.0023928556724798857,2.4368946230221104e-05,-5.1715033082088505e-06
58,5.323263775645469,86598249.08552012,1.4551915228366852e-11,331.61144995524,2.68016745818021,0.2670691834318577,0.1225070122771619,0.006701882222818032,2.7495320981466347,1405.0720372109788,1.4635970089070334,5.168781661604841,563.616950025598,1.4635970089070334,5.168781661604841,563.616950025598,17.084218573479077,-2.7164267065163193e-05,1.2370372259740117e-06,0.0010465177841487764,-0.0032430120709010368,0.0028777165579662984,-0.010343782124399464,0.004785337208714708,-0.02018843743769233,0.006387705205515642,-0.031061443381039763,0.007581509376496431,-0.040978143707437645,0.008370833630449348,-0.04808824072960486,0.008706715838076239,-0.05102785901250724,0.008477109601068589,-0.04916892558309944,0.007642654186909433,-0.042718285840104835,0.006385583834449391,-0.032648935408252935,0.005121196945008886,-0.02050187589402461,0.00432118650660444,-0.008118124138879641,0.004240455619295596,0.0026707393138980006,0.004726714358658985,0.010384211857191024,0.00526199129737512,0.014213384294576895,0.005243153145732421,0.014206867830982415,0.004342909530132716,0.011231090425345164,0.0027302855555755125,0.006730828517275431,0.0010228586742548782,0.0024129246323977777,2.436622090992383e-05,-5.178935101600427e-06
59,5.323263775645469,86598249.08552012,1.4551915228366852e-11,331.61144995524,2.68016745818021,0.2670691834318577,0.1225070122771619,0.006701882222818032,2.7495320981466347,1405.0720372109788,1.4635970089070334,5.168781661604841,563.616950025598,1.4635970089070334,5.168781661604841,563.616950025598,16.960172456898203,-2.7186006328489006e-05,1.298301703823415e-06,0.0010589910933463049,-0.0032857826768481614,0.002908988560901145,-0.010490618242634446,0.004831342383685395,-0.020495878646430946,0.0064410710074141765,-0.03156822298138564,0.007639126764664714,-0.04169585497058588,0.008435847632609083,-0.04899732511517121,0.00878354433744514,-0.05207921287603543,0.008563814769113212,-0.050291314952140606,0.007727209875260146,-0.0438302077858697,0.00644976929344652,-0.033671606257226795,0.005150230142324886,-0.02137030003843951,0.004312933206530262,-0.008789414644028166,0.004207921627186805,0.002211564446118735,0.004691605360924951,0.010122150514655188,0.005242995285949453,0.014107602143266658,0.005246403185755462,0.014201728740166347,0.004360719153771309,0.011270643514195823,0.0027484595588986222,0.006771554059679206,0.0010312959281183213,0.002431990150599384,2.436391662140759e-05,-5.185007327821182e-06
60,5.323263775645469,86598249.08552012,1.4551915228366852e-11,331.61144995524,2.68016745818021,0.2670691834318577,0.1225070122771619,0.006701882222818032,2.7495320981466347,1405.0720372109788,1.4635970089070334,5.168781661604841,563.616950025598,1.4635970089070334,5.168781661604841,563.616950025598,16.834716774173923,-2.7207077485319843e-05,1.3587477527773516e-06,0.00107117036175719,-0.00332769737193225,0.002939456951947642,-0.010635011859790036,0.004875879399624343,-0.020799153593182865,0.0064921505189968485,-0.03206958640918875,0.007693585490078627,-0.04240789390572403,0.008497022243361334,-0.049901786321527405,0.008856321493526116,-0.05312830616492137,0.008646833695859855,-0.05141482816343199,0.007808836098378016,-0.044947177218690425,0.006511756864707957,-0.034703241002033425,0.005177347122784872,-0.02225104917623498,0.0043024145869854265,-0.00947531416342069,0.004172331181736296,0.0017369788898701176,0.004652675096166583,0.009845494109583654,0.0052199200419374816,0.013989424600664558,0.005246038055491579,0.014187247812402553,0.0043759467124305125,0.01130413045062306,0.002765251489645103,0.0068091425977667925,0.0010392974722477754,0.002450052527394072,2.436205055018448e-05,-5.189727866750757e-06
61,5.323263775645469,86598249.08552012,1.4551915228366852e-11,331.61144995524,2.68016745818021,0.2670691834318577,0.1225070122771619,0.006701882222818032,2.7495320981466347,1405.0720372109788,1.4635970089070334,5.168781661604841,563.616950025598,1.4635970089070334,5.168781661604841,563.616950025598,16.707908118110687,-2.7227500433478628e-05,1.4183650427773972e-06,0.0010830565373383997,-0.0033687501575912705,0.0029691300535700893,-0.010776938732256207,0.004918971023128194,-0.02109820467980703,0.006540980914814003,-0.03256542817102206,0.007744926586925093,-0.0431140975720846,0.008554386230446557,-0.050801400645183514,0.008925052903115635,-0.05417486223140959,0.008726152027990267,-0.05253915046502137,0.007887516115746777,-0.04606885830115518,0.006571550268131773,-0.0357435019226253,0.005202587365396561,-0.02314380366117977,0.004289704603016639,-0.010175542615855451,0.004133775172881006,0.0012472064457972132,0.004610007300751454,0.009554404438849312,0.005192824455419341,0.013858957476404555,0.005242087972639377,0.014163487227860337,0.004388601740277961,0.011331582520191707,0.002780661900583611,0.006843605724434904,0.0010468627184252875,0.0024671137541746988,2.4360637688905028e-05,-5.193106643085896e-06
62,5.323263775645469,86598249.08552012,1.4551915228366852e-11,331.61144995524,2.68016745818021,0.2670691834318577,0.1225070122771619,0.006701882222818032,2.7495320981466347,1405.0720372109788,1.4635970089070334,5.168781661604841,563.616950025598,1.4635970089070334,5.168781661604841,563.616950025598,16.579797164781546,-2.724729179712349e-05,1.4771408121987686e-06,0.001094649586958051,-0.0034089322619515186,0.002998013540997014,-0.010916366803253287,0.00496063537286156,-0.02139296121442192,0.006587592523860072,-0.03305562607917799,0.007793182040361467,-0.04381428483833188,0.008607957617489177,-0.05169593120376852,0.008989732797336178,-0.05521860016977923,0.008801744755235659,-0.05366397459530078,0.007963224180906475,-0.047194936669422205,0.00662914586245445,-0.03679208472642066,0.005225983594414604,-0.024048288280720878,0.004274869577675425,-0.010889871521384025,0.004092334884992917,0.000742417088385771,0.004563674182835499,0.009248992536859034,0.0051617552413940155,0.01371626348217978,0.0052345722841486775,0.014130476683270336,0.0043986858754210025,0.011353010002578953,0.0027946870155194383,0.00687494426140899,0.0010539896721174938,0.0024831724126000545,2.435969330709063e-05,-5.1951488352699975e-06
63,5.323263775645469,86598249.08552012,1.4551915228366852e-11,331.61144995524,2.68016745818021,0.2670691834318577,0.1225070122771619,0.006701882222818032,2.7495320981466347,1405.0720372109788,1.4635970089070334,5.168781661604841,563.616950025598,1.4635970089070334,5.168781661604841,563.616950025598,16.450439630196136,-2.7266470290246727e-05,1.5350668677804478e-06,0.0011059509429649558,-0.0034482394060746306,0.0030261170333041165,-0.01105327705760027,0.005000897841353907,-0.021683375189920737,0.006632027339779766,-0.03354008825103807,0.007838400535450395,-0.04450830821686915,0.008657775332136325,-0.05258517026256896,0.009050377851100229,-0.05625925727237734,0.008873607290749208,-0.0547889950663458,0.00803595034069894,-0.04832508019656557,0.006684550991119489,-0.03784864859540685,0.005247577197543924,-0.02496417383792255,0.004257985946315518,-0.011618005849221262,0.004048106101275552,0.0002228527212849272,0.004513767027440843,0.008929438550272902,0.005126780117841998,0.013561464523333377,0.005223529247491731,0.014088290766299284,0.004406214331733128,0.011368452519080929,0.0028073303001964287,0.0069031743521152005,0.00106067859743637,0.0024982320519252262,2.435922911060253e-05,-5.195866059073917e-06
64,5.323263775645469,86598249.08552012,1.4551915228366852e-11,331.61144995524,2.68016745818021,0.2670691834318577,0.1225070122771619,0.006701882222818032,2.7495320981466347,1405.0720372109788,1.4635970089070334,5.168781661604841,563.616950025598,1.4635970089070334,5.168781661604841,563.616950025598,16.319884872101493,-2.7285051151039663e-05,1.59213195074007e-06,0.0011169608609964063,-0.0034866639342250646,0.003053446984760722,-0.011187640897500331,0.005039778267967851,-0.02196938238437319,0.0066743190805967365,-0.03401870189939862,0.007880619712980994,-0.04519599854591205,0.008703865057587818,-0.05346889302313587,0.009106990645586028,-0.057296562776852834,0.008941721849416297,-0.055913912316884806,0.00810567358961151,-0.04945897800423784,0.006737764159657903,-0.03891288979588113,0.00526740166181683,-0.025891181866966203,0.004239121280972877,-0.012359710228527011,0.004001173287556644,-0.0003113074738492326,0.004460363359611632,0.008595863172798233,0.005087952151686689,0.013394631829889196,0.005208983966383831,0.014036965760062196,0.00441119275254656,0.011377924830813093,0.0028185899746125524,0.00692829934114692,0.0010669280611518871,0.002512292153865266,2.4359257610190532e-05,-5.195264345827834e-06
65,5.323263775645469,86598249.08552012,1.4551915228366852e-11,331.61144995524,2.68016745818021,0.2670691834318577,0.1225070122771619,0.006701882222818032,2.7495320981466347,1405.0720372109788,1.4635970089070334,5.168781661604841,563.616950025598,1.4635970089070334,5.168781661604841,563.616950025598,16.188184488172027,-2.730305040529536e-05,1.6483275081413486e-06,0.0011276804076774231,-0.003524200775749134,0.003080011998292493,-0.01131943729957274,0.0050773004582360904,-0.02225093192786103,0.006714508003639525,-0.034491372341827385,0.007919886828288248,-0.04587720676854767,0.008746264773582575,-0.054346892783842034,0.00915958714578267,-0.05833025845475986,0.009006082846271269,-0.05703843065175129,0.008172382199471294,-0.05059631399616223,0.0067887899670098124,-0.03998448779310183,0.005285494858357557,-0.026829006584269725,0.004218348223399685,-0.013114714524901682,0.003951628613956395,-0.0008598460461438254,0.00440355129315136,0.008248424250324762,0.005045336342822957,0.013215868632121625,0.005190972436700749,0.013976562287599248,0.004413634610900039,0.01138145768257305,0.002828468432078101,0.006950330969501563,0.0010727379203962755,0.002525354946731026,2.4359788908838455e-05,-5.193353202681644e-06
66,5.323263775645469,86598249.08552012,1.4551915228366852e-11,331.61144995524,2.68016745818021,0.2670691834318577,0.1225070122771619,0.006701882222818032,2.7495320981466347,1405.0720372109788,1.4635970089070334,5.168781661604841,563.616950025598,1.4635970089070334,5.168781661604841,563.616950025598,16.05538817100371,-2.7320482891938868e-05,1.7036448861355302e-06,0.0011381104991905395,-0.0035608445694559157,0.0031058202481824095,-0.011448644537169367,0.0051134875659845066,-0.022527972009082547,0.006752633694449356,-0.034958004129008305,0.007956248703767125,-0.04655178397035773,0.00878501237110033,-0.055218963373665324,0.009208183403375987,-0.059360089521898446,0.00906668462436991,-0.058162259068727865,0.008236063897607055,-0.05173677742336149,0.006837631887438741,-0.041063130338147916,0.0053018930896866325,-0.027777352245674704,0.0041957376879191224,-0.013882759123426382,0.003899562682835022,-0.0014225557439067943,0.004343417698053892,0.00788727040504421,0.004998996760918039,0.013025270444912989,0.005169529906108803,0.013907135206391722,0.004413552829127952,0.01137907814395865,0.002836967698203399,0.0069692791745129,0.00107810788303111,0.002537422122612832,2.4360832344577526e-05,-5.190141260218098e-06
67,5.323263775645469,86598249.08552012,1.4551915228366852e-11,331.61144995524,2.68016745818021,0.2670691834318577,0.1225070122771619,0.006701882222818032,2.7495320981466347,1405.0720372109788,1.4635970089070334,5.168781661604841,563.616950025598,1.4635970089070334,5.168781661604841,563.616950025598,15.921543360329926,-2.733736197023819e-05,1.758074591105962e-06,0.001148251679488492,-0.00359658894484982,0.003130878924088483,-0.011575238052666954,0.005148361140380374,-0.022800446113831047,0.006788733608666032,-0.03541849587961019,0.007989749647063093,-0.04721957434843218,0.00882014294250697,-0.05608489512858954,0.009252792492607173,-0.06038579823917938,0.009123518502993852,-0.05928510915487505,0.008296703473970162,-0.052880066075288314,0.006884290601712923,-0.04214851770475398,0.0053166299217521605,-0.028735939704556845,0.004171357749723286,-0.014663603620162126,0.0038450629770071707,-0.0019992493513988283,0.004280046018347761,0.007512531232755209,0.004948993928947114,0.012822916445214267,0.005144688396607717,0.013828726925700004,0.004410957850270113,0.011370805193364779,0.0028440883692873458,0.006985149745776419,0.0010830371654538878,0.002548494075352796,2.4362397012241846e-05,-5.1856353214322024e-06
68,5.323263775645469,86598249.08552012,1.4551915228366852e-11,331.61144995524,2.68016745818021,0.2670691834318577,0.1225070122771619,0.006701882222818032,2.7495320981466347,1405.0720372109788,1.4635970089070334,5.168781661604841,563.616950025598,1.4635970089070334,5.168781661604841,563.616950025598,15.786699790752794,-2.7353702058327886e-05,1.8116103687108246e-06,0.0011581054430665127,-0.0036314306592342663,0.0031551976397447383,-0.011699202504828036,0.005181947061809874,-0.023068314073143432,0.0068228522311158885,-0.035872768607381186,0.008020444410136402,-0.047880448427624116,0.008851705230537982,-0.056944501219367574,0.009293442719327744,-0.06140714568993296,0.00917659005087186,-0.060406699535739565,0.008354296745686147,-0.05402587242784459,0.0069287739729876245,-0.04324033218795351,0.0053297436900234686,-0.029704459985753672,0.004145281539471033,-0.015456968587132677,0.003788224732965608,-0.002589695915804199,0.0042135308341878334,0.007124379384205064,0.004895401417652541,0.012608923261060154,0.005116492163532427,0.013741408532640791,0.0044058691532713945,0.011356676708609171,0.0028498359296287483,0.00699795843030188,0.0010875265151878393,0.002558574461963843,2.4364489382663875e-05,-5.179846281146835e-06
69,5.323263775645469,86598249.08552012,1.4551915228366852e-11,331.61144995524,2.68016745818021,0.2670691834318577,0.1225070122771619,0.006701882222818032,2.7495320981466347,1405.0720372109788,1.4635970089070334,5.168781661604841,563.616950025598,1.4635970089070334,5.168781661604841,563.616950025598,15.65090230042547,-2.7369514671145103e-05,1.8642425698305436e-06,0.0011676720983992887,-0.0036653629092317647,0.0031787829268176003,-0.01182051227206298,0.005214265947768953,-0.023331517947791425,0.006855026298290685,-0.036320719705367266,0.008048377257509134,-0.04853425044814685,0.008879735073087562,-0.05779757259133538,0.00933014822626384,-0.062423877571816125,0.009225891183025732,-0.06152674830626301,0.00840882799311923,-0.055173902913909036,0.006971080934652825,-0.04433828674725558,0.005341265403888235,-0.03068264811219725,0.004117574530739477,-0.01626262855895785,0.00372913345673595,-0.003193722823857304,0.0041439544234901,0.006722931047588722,0.004838279136851231,0.012383358636417673,0.005084972773855962,0.013645213718594987,0.004398296716264041,0.011336706039866421,0.002854210566621208,0.00700770822927054,0.0010915749488304503,0.0025676628510208944,2.4367117264363424e-05,-5.172779608906984e-06
70,5.323263775645469,86598249.08552012,1.4551915228366852e-11,331.61144995524,2.68016745818021,0.2670691834318577,0.1225070122771619,0.006701882222818032,2.7495320981466347,1405.0720372109788,1.4635970089070334,5.168781661604841,563.616950025598,1.4635970089070334,5.168781661604841,563.616950025598,15.514198945571442,-2.7384812953109647e-05,1.9159657178760226e-06,0.001176953191323253,-0.0036983829709519144,0.003201644438137128,-0.01193915374138829,0.0052453438971856,-0.023590021080686537,0.0068853012907544335,-0.036762275773332194,0.008073605391749679,-0.04918085826395375,0.008904285276295134,-0.05864393130991247,0.009362942248438467,-0.06343576355346235,0.009271431894330833,-0.06264498220106311,0.008460295692964007,-0.05632385797408499,0.007011219799846924,-0.045442070314944905,0.005351232276932842,-0.03167020034941618,0.0040883085296996215,-0.017080307309910128,0.0036678841997854006,-0.003811100470111912,0.004071412843160327,0.006308358648305684,0.004777703289255641,0.012146339366940234,0.005050177228035362,0.013540213796027102,0.004388262004568468,0.011310931350693554,0.002857218744960536,0.0070144152014367175,0.0010951834655242697,0.0025757630834018575,2.4370285363470344e-05,-5.164446174205229e-06
71,5.323263775645469,86598249.08552012,1.4551915228366852e-11,331.61144995524,2.68016745818021,0.2670691834318577,0.1225070122771619,0.006701882222818032,2.7495320981466347,1405.0720372109788,1.4635970089070334,5.168781661604841,563.616950025598,1.4635970089070334,5.168781661604841,563.616950025598,15.376634446193263,-2.739960799707448e-05,1.9667721288602793e-06,0.0011859494781569315,-0.0037304857901335384,0.0032237897661543608,-0.012055106588153291,0.0052752035262120965,-0.023843775241061592,0.006913717676071545,-0.037197348053640354,0.008096179416105033,-0.04982013238402335,0.008925400653343471,-0.05948338491356281,0.00939184929806409,-0.06444256378261201,0.009313213677381216,-0.06376112884159944,0.008508690951847576,-0.05747544803860135,0.007049192933400032,-0.0465513925600289,0.005359676463920787,-0.03266684226754686,0.0040575501178808,-0.017909764436013033,0.003604565616043457,-0.004441637902363578,0.003995994291205103,0.005880797209419905,0.004713741453501479,0.011897949795328938,0.00501214451157809,0.01342645520389022,0.004375780458943415,0.01127937445901027,0.0028588635280025316,0.007018086917166659,0.0010983519401121145,0.0025828762840851907,2.437399910222514e-05,-5.154853210595437e-06
72,5.323263775645469,86598249.08552012,1.4551915228366852e-11,331.61144995524,2.68016745818021,0.2670691834318577,0.1225070122771619,0.006701882222818032,2.7495320981466347,1405.0720372109788,1.4635970089070334,5.168781661604841,563.616950025598,1.4635970089070334,5.168781661604841,563.616950025598,15.238253478420411,-2.7413910735717306e-05,2.0166551004495363e-06,0.0011946619415303676,-0.0037616672031483265,0.0032452270319061477,-0.0121683531691943,0.005303868440288645,-0.024092737106321704,0.006940317771293354,-0.03762585489259611,0.00811615306600479,-0.05045194254386334,0.00894313049922861,-0.06031574874420795,0.009416899077102392,-0.06544404543424202,0.009351242860008446,-0.06487491879297115,0.008554008328630137,-0.05862838411704031,0.007085004450932883,-0.047665961212837685,0.005366630698762611,-0.03367229436736573,0.004025366378468545,-0.01875075168489052,0.0035392678801032446,-0.005085134600034012,0.003917789885946552,0.005440391526822771,0.0046464650285437635,0.01163828287619333,0.004970917344926613,0.013303990959722092,0.004360870261782352,0.011242061545753985,0.002859149439335765,0.007018733290657499,0.0011010806836841984,0.002589004373621406,2.437826274374928e-05,-5.144008882740322e-06
73,5.323263775645469,86598249.08552012,1.4551915228366852e-11,331.61144995524,2.68016745818021,0.2670691834318577,0.1225070122771619,0.006701882222818032,2.7495320981466347,1405.0720372109788,1.4635970089070334,5.168781661604841,563.616950025598,1.4635970089070334,5.168781661604841,563.616950025598,15.099101172048679,-2.742773221743651e-05,2.065609513159436e-06,0.0012030919604224984,-0.0037919245275493236,0.0032659652768660904,-0.012278880310186379,0.005331363820227647,-0.02433687147513006,0.006965146588926417,-0.03804772581342863,0.008133584486207018,-0.051076171204129404,0.008957530375730436,-0.06114085280196993,0.009438128709255625,-0.06643998655417185,0.0093855328942708,-0.06598609078372145,0.008596247799593832,-0.05978237993013239,0.007118661540701041,-0.0487854797063624,0.005372129010326564,-0.03468626790836432,0.003991825405591747,-0.019603006932630226,0.0034720833981404958,-0.005741373346346352,0.0038368948825892434,0.0049873035425067455,0.004575950914831297,0.0113674467927534,0.004926543934811505,0.013172885879149497,0.004343553780959369,0.011199026644180285,0.0028580832853732363,0.007016368424286892,0.0011033707172166279,0.002594150676050909,2.4383079075088285e-05,-5.131923013546695e-06
74,5.323263775645469,86598249.08552012,1.4551915228366852e-11,331.61144995524,2.68016745818021,0.2670691834318577,0.1225070122771619,0.006701882222818032,2.7495320981466347,1405.0720372109788,1.4635970089070334,5.168781661604841,563.616950025598,1.4635970089070334,5.168781661604841,563.616950025598,14.959219360258702,-2.744108135032319e-05,2.113627309852608e-06,0.0012112399462679015,-0.003821252095056494,0.0032860110964932207,-0.012386666084126412,0.005357710822623593,-0.024576127767338796,0.006988243376930858,-0.038462869645786484,0.008148524062110633,-0.051692677611972375,0.008968646115562261,-0.061958503856591594,0.009455564312613558,-0.06743015020565757,0.00941608628588061,-0.06709437770573728,0.008635399855507589,-0.060937154872145516,0.007150164050066478,-0.049909671876579464,0.005376199769880461,-0.03570850518670213,0.003956989885988228,-0.02046630785979657,0.003403097890213428,-0.006410181144310022,0.003753395872456237,0.004521651508083167,0.004502266013362689,0.011085511293257282,0.004879062856918093,0.013033175001740302,0.004323845953252094,0.011150284053009465,0.0028556676290445054,0.00701099608928848,0.0011052216504277815,0.002598315175311177,2.4388452114647787e-05,-5.118601109758146e-06
75,5.323263775645469,86598249.08552012,1.4551915228366852e-11,331.61144995524,2.68016745818021,0.2670691834318577,0.1225070122771619,0.006701882222818032,2.7495320981466347,1405.0720372109788,1.4635970089070334,5.168781661604841,563.616950025598,1.4635970089070334,5.168781661604841,563.616950025598,14.81865279265737,-2.7453968758591606e-05,2.1607051028122834e-06,0.0012191076378914012,-0.0038496487974926255,0.0033053742742833268,-0.012491702112609694,0.0053829359225903714,-0.02481047968621484,0.007009655690255434,-0.038871229301809494,0.008161034664346563,-0.05230136054181146,0.008976540530425974,-0.06276854833257939,0.009469251869415145,-0.06841432904209611,0.009442924996827176,-0.06819952839905787,0.008671470609523522,-0.062092428652335774,0.007179522025783864,-0.05103824121460289,0.005378877310612398,-0.036738711929346836,0.003920927648409325,-0.02134038173157492,0.0033324050663857724,-0.007091326685926352,0.003667391996907684,0.004043612449635348,0.004425493044256107,0.010792598166689983,0.0048285283703438375,0.012884933681295032,0.00430177376585522,0.011095874828571365,0.002851911772057792,0.007002634202528188,0.001106635255924967,0.0026015025082121584,2.439438259498158e-05,-5.104054443864652e-06
76,5.323263775645469,86598249.08552012,1.4551915228366852e-11,331.61144995524,2.68016745818021,0.2670691834318577,0.1225070122771619,0.006701882222818032,2.7495320981466347,1405.0720372109788,1.4635970089070334,5.168781661604841,563.616950025598,1.4635970089070334,5.168781661604841,563.616950025598,14.677442607523762,-2.7466402631072337e-05,2.2068357974768863e-06,0.0012266955887760018,-0.003877109802713839,0.0033240616273665083,-0.012593969061229686,0.005407060720593335,-0.025039881579975602,0.007029424053968648,-0.03927272085589342,0.008171169588317146,-0.052902088266709175,0.00898126425982971,-0.06357080285618166,0.00947922348306956,-0.06939229481891775,0.00946605715378714,-0.06930128236282249,0.008704454275327268,-0.06324792538416918,0.0072067365074829776,-0.05217091349508639,0.005380189279917321,-0.03777663006049059,0.0038837002937273115,-0.02222500297689533,0.003260090805522296,-0.007784631636823567,0.0035789719758106122,0.0035533107135936816,0.004345702502394202,0.01048878266434962,0.00477498283537596,0.012728201117156888,0.004277354992783774,0.011035816025939213,0.0028468197451407646,0.006991288067075995,0.0011076115561642176,0.0026037132201652854,2.4400872987040794e-05,-5.088289054227377e-06
77,5.323263775645469,86598249.08552012,1.4551915228366852e-11,331.61144995524,2.68016745818021,0.2670691834318577,0.1225070122771619,0.006701882222818032,2.7495320981466347,1405.0720372109788,1.4635970089070334,5.168781661604841,563.616950025598,1.4635970089070334,5.168781661604841,563.616950025598,14.535631252528333,-2.7478391945003878e-05,2.2520150840467108e-06,0.001234005107118293,-0.003903632974931441,0.0033420817255946666,-0.012693455673039583,0.005430109701602218,-0.02526430235889267,0.007047593608653505,-0.039667280757295344,0.00817898930461202,-0.05349475325569608,0.00898287803141598,-0.06436510852897939,0.00948552328242898,-0.0703638381645953,0.009485502734474176,-0.07039939094197646,0.00873435448225779,-0.06440337149664994,0.007231814385380556,-0.05330740499053992,0.005380166286135444,-0.03882198179587056,0.003845371679854863,-0.02311991842971593,0.0031862449553652513,-0.0084898851024691,0.0034882314298215126,0.0030509038341820843,0.004262973995324306,0.010174169562990111,0.0047184778408557605,0.012563039429703667,0.004250614556466096,0.010970139921578196,0.0028403995779049487,0.0069769710585492915,0.0011081518496581116,0.0026049505282274735,2.440792364454967e-05,-5.071314245447558e-06
78,5.323263775645469,86598249.08552012,1.4551915228366852e-11,331.61144995524,2.68016745818021,0.2670691834318577,0.1225070122771619,0.006701882222818032,2.7495320981466347,1405.0720372109788,1.4635970089070334,5.168781661604841,563.616950025598,1.4635970089070334,5.168781661604841,563.616950025598,14.39326015919303,-2.7489944855505556e-05,2.2962381356183075e-06,0.0012410372710441135,-0.0039292156359020695,0.003359442496952515,-0.012790149116395345,0.0054521062974012295,-0.02548370827541223,0.007064208166317807,-0.040054842500383055,0.008184552944914767,-0.05407924449230838,0.008981441331248822,-0.06515130381077754,0.00948819426353179,-0.07132874903075197,0.009501280544845888,-0.0714936063851812,0.008761173486924253,-0.06555849639617067,0.007254760874199886,-0.05444743841385693,0.005378837006804349,-0.03987449844768916,0.0038060036023757063,-0.02402488488470898,0.0031109553273200932,-0.00920688667563727,0.003395264077259434,0.0025365392715202156,0.004177385414639325,0.009848854833532946,0.004659063494917546,0.012389503868989443,0.0042215762416044165,0.010898874217218727,0.0028326586056735222,0.006959694180066901,0.001108257180105028,0.002605216899721865,2.4415534781212704e-05,-5.053138292958759e-06
79,5.323263775645469,86598249.08552012,1.4551915228366852e-11,331.61144995524,2.68016745818021,0.2670691834318577,0.1225070122771619,0.006701882222818032,2.7495320981466347,1405.0720372109788,1.4635970089070334,5.168781661604841,563.616950025598,1.4635970089070334,5.168781661604841,563.616950025598,14.250369550063091,-2.7501068537895923e-05,2.3394990829491716e-06,0.001247792793819853,-0.003953854050240737,0.0033761509216759127,-0.012884033473912357,0.00547307243086864,-0.025698060170089607,0.007079309614410243,-0.04043533225042411,0.008187917358632009,-0.054655442511648965,0.008977011091438013,-0.06592921817109311,0.009487276612759192,-0.07228681057614059,0.009513406414802672,-0.0725836773618573,0.008784910577603337,-0.0667130313696785,0.007275578440411018,-0.05559074263520017,0.005376227655203991,-0.040933921476262174,0.003765655543022797,-0.024939672918105192,0.0030343073555801304,-0.009935451362262182,0.0033001610198008765,0.0020103490983669867,0.00408901182129451,0.00951292067087223,0.004596787162767185,0.01220763879894508,0.004190261617502758,0.010822039308740058,0.0028236028232530314,0.006939464586041905,0.0011079281154586784,0.002604513566443539,2.4423706788890205e-05,-5.033767884635298e-06
80,5.323263775645469,86598249.08552012,1.4551915228366852e-11,331.61144995524,2.68016745818021,0.2670691834318577,0.1225070122771619,0.006701882222818032,2.7495320981466347,1405.0720372109788,1.4635970089070334,5.168781661604841,563.616950025598,1.4635970089070334,5.168781661604841,563.616950025598,14.107000797718525,-2.751177105622896e-05,2.3817952223456467e-06,0.0012542732262205095,-0.003977547560240847,0.0033922158570228664,-0.012975102056028857,0.005493032949810582,-0.025907335609390656,0.007092944366178612,-0.04080869866621792,0.0081891465535583,-0.055223256122760925,0.008969654569368804,-0.06669871083645265,0.009482823224878539,-0.07323783049109446,0.00952190907623633,-0.07366936906143108,0.008805575546490498,-0.06786671219270231,0.007294276112363043,-0.056737038618153705,0.005372367496493677,-0.04199997363760651,0.0037243887865440082,-0.0258640244495594,0.002956389772066314,-0.01067535945372914,0.003203019794006768,0.0014725014017501435,0.003997937401134336,0.00916648174702223,0.0045317058220939906,0.012017514037922342,0.004156699926633778,0.010739672597184042,0.002813242609937557,0.006916298471554768,0.001107166645180742,0.002602844756565262,2.4432437794489872e-05,-5.013213311572688e-06
81,5.323263775645469,86598249.08552012,1.4551915228366852e-11,331.61144995524,2.68016745818021,0.2670691834318577,0.1225070122771619,0.006701882222818032,2.7495320981466347,1405.0720372109788,1.4635970089070334,5.168781661604841,563.616950025598,1.4635970089070334,5.168781661604841,563.616950025598,13.963192874388497,-2.752205828407826e-05,2.423119956719384e-06,0.0012604789454425693,-0.004000291686264059,0.0034076433199409675,-0.013063336808259081,0.005512008249262593,-0.02611149177685778,0.00710515258203634,-0.0411748636794407,0.008188295973409206,-0.05578256116217327,0.008959427842782995,-0.0674596077515053,0.009474873782402417,-0.07418158933196398,0.009526803641567903,-0.07475043033894124,0.008823166214373674,-0.06901927326832243,0.00731085395414106,-0.05788606313383411,0.005367279657612795,-0.04307240695351712,0.0036822596051151006,-0.02679772276794456,0.002877285209335717,-0.011426439532769605,0.0031039293478293374,0.0009231149981617274,0.0039042355800253444,0.008809608382234636,0.004463865498916528,0.011819164445533334,0.004120911621143373,0.010651788021528209,0.00280158318209095,0.0068901995995706905,0.0011059730158226025,0.0026002106328215585,2.444172777558756e-05,-4.991479822786679e-06
82,5.323263775645469,86598249.08552012,1.4551915228366852e-11,331.61144995524,2.68016745818021,0.2670691834318577,0.1225070122771619,0.006701882222818032,2.7495320981466347,1405.0720372109788,1.4635970089070334,5.168781661604841,563.616950025598,1.4635970089070334,5.168781661604841,563.616950025598,13.818986211448781,-2.753193749244004e-05,2.4634710486867474e-06,0.0012664114972868413,-0.004022086196944044,0.003422441944093477,-0.013148732403758943,0.005530022716304323,-0.02631050896885451,0.007115980457833124,-0.04153378078433562,0.008185430419149547,-0.05633327181435259,0.008946400487228945,-0.06821177366819547,0.009463484710103368,-0.07511790160445199,0.00952812242290499,-0.07582663236858976,0.008837694654637818,-0.07017045609997802,0.007325321160869159,-0.05903754124067197,0.005360991699297039,-0.044150947217396985,0.0036393268292871884,-0.027740511813058512,0.002797080615049295,-0.012188472395706187,0.003002986978453486,0.00036235843137606265,0.0038079917401296695,0.00844241590176799,0.004393324962700701,0.011612660267801294,0.004082927422055033,0.010558423206249782,0.0027886356936120044,0.006861184339576099,0.0011043494181458937,0.002596615529440595,2.4451573784156256e-05,-4.968577703635498e-06
83,5.323263775645469,86598249.08552012,1.4551915228366852e-11,331.61144995524,2.68016745818021,0.2670691834318577,0.1225070122771619,0.006701882222818032,2.7495320981466347,1405.0720372109788,1.4635970089070334,5.168781661604841,563.616950025598,1.4635970089070334,5.168781661604841,563.616950025598,13.67441966977895,-2.7541414327908892e-05,2.5028435571929417e-06,0.0012720716030031661,-0.004042928226919454,0.003436618343563106,-0.013231275667903518,0.00554709757545897,-0.026504353382066647,0.007125469828350879,-0.04188538441461028,0.008180608890149117,-0.056875279788982915,0.008930634661932998,-0.06895505160990716,0.009448703717818089,-0.07604656275185082,0.009525888706893497,-0.07689773495875472,0.008849164839096552,-0.07132000029180449,0.007337680660475094,-0.06019120967041032,0.005353526675607279,-0.045235340916248534,0.0035956455514496275,-0.0286921639692392,0.0027158585916208754,-0.012961272089746432,0.002900284131594069,-0.00020963375852648655,0.0037092840645767864,0.0080649889174508,0.0043201356619493245,0.011398047450404044,0.004042772152350821,0.010459599413633048,0.0027744077984382053,0.006829260367270787,0.0011022968487320113,0.0025920609405388675,2.4461974044637528e-05,-4.9445137141970066e-06
84,5.323263775645469,86598249.08552012,1.4551915228366852e-11,331.61144995524,2.68016745818021,0.2670691834318577,0.1225070122771619,0.006701882222818032,2.7495320981466347,1405.0720372109788,1.4635970089070334,5.168781661604841,563.616950025598,1.4635970089070334,5.168781661604841,563.616950025598,13.529532142663314,-2.7550494411692873e-05,2.5412335252944103e-06,0.0012774601991676884,-0.004062815870080488,0.0034501795269909013,-0.01331095634141485,0.005563254600641637,-0.026692996560629546,0.007133663554426809,-0.04222961641931937,0.008173892423526317,-0.05740848622289495,0.008912195953024303,-0.06968929374218157,0.009430583070618791,-0.07696737734273584,0.009520130450966745,-0.07796350388946535,0.008857584345728338,-0.07246764885843437,0.0073479371682758695,-0.061346803178616266,0.005344907792436192,-0.04632533043472791,0.0035512703598062968,-0.02965244450959111,0.0026337018338908197,-0.013744643461255257,0.0027959137327729735,-0.0007927171627264649,0.003608193481421407,0.007677421007681725,0.004244352171029296,0.011175378899339766,0.00400047316397426,0.010355342522882973,0.002758908580607806,0.006794437815749938,0.0010998167499587656,0.0025865491877799783,2.447292582111516e-05,-4.9192955722256725e-06
85,5.323263775645469,86598249.08552012,1.4551915228366852e-11,331.61144995524,2.68016745818021,0.2670691834318577,0.1225070122771619,0.006701882222818032,2.7495320981466347,1405.0720372109788,1.4635970089070334,5.168781661604841,563.616950025598,1.4635970089070334,5.168781661604841,563.616950025598,13.38436246524435,-2.7559183457265328e-05,2.5786383632632215e-06,0.001282578536352908,-0.004081748555679785,0.003463133087508499,-0.013387768206388505,0.005578516339325926,-0.02687641750894893,0.007140605727714484,-0.04256642956710823,0.008165344445453755,-0.057932804974317485,0.008891153989692964,-0.07041436646502643,0.009409180493841764,-0.07788016143525169,0.009510881426452641,-0.079023714568515,0.00886296544043591,-0.07361314973806563,0.007356097960161266,-0.0625040568283454,0.005335158712878068,-0.04742065311205537,0.0035062552835357806,-0.030621109502513708,0.0025506930045369495,-0.014538379106744211,0.0026899702760014243,-0.0013867340201621254,0.003504804087448847,0.007279818093746798,0.004166032866608744,0.010944717294802784,0.00395606100631777,0.010245684945947171,0.002742148982356912,0.0067567303141776915,0.0010969111639058638,0.002580083768916572,2.44844252415218e-05,-4.8929323578561484e-06
86,5.323263775645469,86598249.08552012,1.4551915228366852e-11,331.61144995524,2.68016745818021,0.2670691834318577,0.1225070122771619,0.006701882222818032,2.7495320981466347,1405.0720372109788,1.4635970089070334,5.168781661604841,563.616950025598,1.4635970089070334,5.168781661604841,563.616950025598,13.238948413443053,-2.7567485494337704e-05,2.6150523233991924e-06,0.0012874269438039837,-0.004099722678058749,0.0034754844371099186,-0.01346169591988083,0.005592902044321442,-0.02705457867154499,0.00714633606462522,-0.04289575280938998,0.00815502252313615,-0.05844812228938937,0.00886757068035597,-0.07113010678517619,0.009384544305363413,-0.07878470672283128,0.009498165322263255,-0.08007812479998186,0.008865311206766192,-0.07475624493849357,0.00736216328967803,-0.06366271305487699,0.005324298434227084,-0.04852106432989993,0.0034606510042083883,-0.03159794338576192,0.0024669110438341065,-0.015342306148280782,0.0025825428662045124,-0.001991562745949585,0.0033991928426912984,0.006872252862640239,0.004085228457155718,0.010706098685748122,0.003909559826976232,0.010130641011038577,0.0027241360611141145,0.006716141826511715,0.0010935807884315232,0.0025726649987081007,2.4496469807663585e-05,-4.865429295767595e-06
87,5.323263775645469,86598249.08552012,1.4551915228366852e-11,331.61144995524,2.68016745818021,0.2670691834318577,0.1225070122771619,0.006701882222818032,2.7495320981466347,1405.0720372109788,1.4635970089070334,5.168781661604841,563.616950025598,1.4635970089070334,5.168781661604841,563.616950025598,13.093328484085802,-2.7575405963899808e-05,2.6504743394335378e-06,0.0012920069675392166,-0.004116739178319603,0.0034872415766471396,-0.013532737865064927,0.0056064346281881035,-0.027227467581278773,0.007150899491662544,-0.04321755173745434,0.008142992406908994,-0.05895436832697843,0.00884152032317217,-0.07183639782513672,0.009356739010134665,-0.07968084577425041,0.009482023213440235,-0.0811265219462112,0.00886463959434013,-0.07589668859643382,0.0073661430028696025,-0.06482250797497711,0.005312350112296546,-0.049626298881327253,0.00341450953572137,-0.03258269399281887,0.002382437309066542,-0.016156205280416374,0.0024737269885788107,-0.00260703212565955,0.0032914471862737983,0.006454843784327724,0.004002001690830742,0.010459595606550747,0.0038610039115707755,0.010010249672203335,0.002704882920725745,0.0066726894747039835,0.0010898283417132338,0.0025642975647694835,2.450905407069475e-05,-4.836796793113674e-06
88,5.323263775645469,86598249.08552012,1.4551915228366852e-11,331.61144995524,2.68016745818021,0.2670691834318577,0.1225070122771619,0.006701882222818032,2.7495320981466347,1405.0720372109788,1.4635970089070334,5.168781661604841,563.616950025598,1.4635970089070334,5.168781661604841,563.616950025598,12.947540093841084,-2.758294830376654e-05,2.6848992776980595e-06,0.0012963189941447412,-0.0041327951027918105,0.0034984098069627224,-0.013600880686647644,0.00561913299379863,-0.027395050393268887,0.007154335571756026,-0.04353176110749684,0.00812931257324292,-0.05945143578485668,0.00881306741791768,-0.07253308504757558,0.009325816972092768,-0.08056837716955892,0.009462483090940641,-0.08216866967606136,0.008860956695891847,-0.07703422643579241,0.0073680380804179765,-0.06598318562511502,0.005299331322302683,-0.05073611159865197,0.0033678791812198077,-0.03357514367659264,0.002297348993367086,-0.016979899871590425,0.0023636117013674106,-0.003233016047847806,0.0031816456979672004,0.006027667695360435,0.003916405613689249,0.010205247149307869,0.003810419383759708,0.009884527122984463,0.002684397694753184,0.0066263781894259285,0.00108565482502534,0.002554982130218366,2.452217444458721e-05,-4.807040419504372e-06
89,5.323263775645469,86598249.08552012,1.4551915228366852e-11,331.61144995524,2.68016745818021,0.2670691834318577,0.1225070122771619,0.006701882222818032,2.7495320981466347,1405.0720372109788,1.4635970089070334,5.168781661604841,563.616950025598,1.4635970089070334,5.168781661604841,563.616950025598,12.801620899279133,-2.7590116653782718e-05,2.7183248940968707e-06,0.0013003641347020365,-0.00414789031406177,0.0035089958953511344,-0.013666119541685503,0.0056310180136581595,-0.027557308880592272,0.007156686684598405,-0.04383833827424095,0.008114046164783667,-0.059939245445368404,0.008782283923664019,-0.07322004231472072,0.009291840603654579,-0.08144712546970771,0.009439583882636604,-0.08320435083142208,0.008854277920625018,-0.07816861357199827,0.007367855285400902,-0.06714448777122005,0.005285261706028017,-0.05185024712019573,0.0033208082948262543,-0.03457505361987848,0.0022117239587272513,-0.017813185850327085,0.002252289352169488,-0.0038693587241087333,0.00306987305792808,0.005590828962163931,0.003828500569725624,0.009943114369755944,0.0037578386102298366,0.009753504373538361,0.0026626922522946695,0.006577220820902137,0.0010810624829380837,0.002544721995037929,2.4535825405423015e-05,-4.776168854233112e-06
90,5.323263775645469,86598249.08552012,1.4551915228366852e-11,331.61144995524,2.68016745818021,0.2670691834318577,0.1225070122771619,0.006701882222818032,2.7495320981466347,1405.0720372109788,1.4635970089070334,5.168781661604841,563.616950025598,1.4635970089070334,5.168781661604841,563.616950025598,12.65560819865114,-2.759691441793951e-05,2.750748137877447e-06,0.0013041432270271978,-0.0041620239358998255,0.0035190058681008676,-0.013728447367974466,0.0056421093512046515,-0.027714220795932828,0.0071579936790398,-0.0441372346170091,0.008097254647521063,-0.06041771157922697,0.008749240083509528,-0.07389713654968526,0.009254870597157676,-0.08231690954898588,0.009413362734223293,-0.08423334389684634,0.008844616787720404,-0.0792996034255439,0.0073655994181072,-0.06830615877412426,0.0052701589319290336,-0.05296845396163489,0.003273343299346902,-0.03558219301217158,0.0021256381832672894,-0.01865586858365925,0.0021398504354093093,-0.004515914100137474,0.0029562121250419036,0.005144422980768756,0.00373834520124804,0.00967325102486752,0.003703292571753665,0.009617207384291967,0.0026397775852400693,0.006525227498046701,0.0010760532351320102,0.0025335195688972276,2.4550001514143547e-05,-4.7441896783344885e-06
91,5.323263775645469,86598249.08552012,1.4551915228366852e-11,331.61144995524,2.68016745818021,0.2670691834318577,0.1225070122771619,0.006701882222818032,2.7495320981466347,1405.0720372109788,1.4635970089070334,5.168781661604841,563.616950025598,1.4635970089070334,5.168781661604841,563.616950025598,12.509539026036354,-2.7603344208538987e-05,2.7821648750728685e-06,0.0013076567714658469,-0.004175194106257023,0.003528444890356443,-0.013787854103366696,0.005652425356787782,-0.027865758384499624,0.007158295792128245,-0.04442839406602795,0.008078997695480858,-0.06088673829127683,0.00871400417360127,-0.0745642252334362,0.009214965429878916,-0.08317753948076245,0.009383854319301046,-0.08525542141335997,0.008831984223874692,-0.08042694656327878,0.007361272806712105,-0.06946794415336635,0.005254038528586178,-0.05409048677529076,0.003225528814051792,-0.03659633960753362,0.00203916601017623,-0.019507764195279144,0.002026383743581175,-0.005172547642358001,0.0028407438588846966,0.004688534287181245,0.0036459961667258986,0.009395701910782246,0.003646810506823375,0.00947565588031217,0.0026156635563553236,0.006470404956300905,0.0010706285790928643,0.0025213761424453846,2.4564697521245557e-05,-4.711109151167629e-06
92,5.323263775645469,86598249.08552012,1.4551915228366852e-11,331.61144995524,2.68016745818021,0.2670691834318577,0.1225070122771619,0.006701882222818032,2.7495320981466347,1405.0720372109788,1.4635970089070334,5.168781661604841,563.616950025598,1.4635970089070334,5.168781661604841,563.616950025598,12.3634504144472,-2.7609409364062277e-05,2.81257407395243e-06,0.0013109060329749437,-0.004187401971221653,0.003537319620199547,-0.013844338818065788,0.005661986217157145,-0.02801191074612624,0.007157634694495557,-0.044711784792490536,0.008059339079785226,-0.06134626053458108,0.008676651367071549,-0.07522119796073684,0.009172193356703663,-0.08402885437919286,0.009351104369168224,-0.08627037796553752,0.00881640086388943,-0.08155040606533333,0.007354883914048405,-0.07062959002283763,0.005236918065965879,-0.055216089327642714,0.0031774089723435577,-0.03761725129758322,0.0019523815224122352,-0.020368661723287936,0.0019119803568730211,-0.00583909479463832,0.0027235545698306813,0.004223275746227171,0.00355151705947617,0.00911053469780116,0.0035884278670507658,0.009328885113296392,0.0025903638459545317,0.006412768276718218,0.0010647913085165554,0.00250829578913409,2.4579906228780104e-05,-4.67693675513336e-06
93,5.323263775645469,86598249.08552012,1.4551915228366852e-11,331.61144995524,2.68016745818021,0.2670691834318577,0.1225070122771619,0.006701882222818032,2.7495320981466347,1405.0720372109788,1.4635970089070334,5.168781661604841,563.616950025598,1.4635970089070334,5.168781661604841,563.616950025598,12.217379126056525,-2.761511130126251e-05,2.841970535889117e-06,0.0013138911334192958,-0.004198644762834967,0.003545634131436232,-0.013897888670771828,0.005670808494316948,-0.02815264500841982,0.007156047487476074,-0.0449873435718917,0.008038336474247391,-0.061796173804306916,0.00863724839105674,-0.07586790318851748,0.009126611660709787,-0.08487065637544382,0.009315146270717141,-0.08727797931653386,0.008797875770724911,-0.08266972995990217,0.007346432460470332,-0.07179084340389551,0.0052188099254477935,-0.05634502218266549,0.003129025178666489,-0.03864471401536926,0.0018653562220289535,-0.021238388083679595,0.0017967268051064605,-0.006515432494578685,0.0026047234342908474,0.003748720969953579,0.0034549630106223807,0.008817784960034583,0.0035281725809821196,0.009176908234507935,0.0025638873916139357,0.006352320581131627,0.0010585425366032325,0.0024942786071646627,2.4595622192982483e-05,-4.6416773281315915e-06
94,5.323263775645469,86598249.08552012,1.4551915228366852e-11,331.61144995524,2.68016745818021,0.2670691834318577,0.1225070122771619,0.006701882222818032,2.7495320981466347,1405.0720372109788,1.4635970089070334,5.168781661604841,563.616950025598,1.4635970089070334,5.168781661604841,563.616950025598,12.071361861694868,-2.762045268278365e-05,2.8703536121628704e-06,0.0013166133325904327,-0.0042089240987488305,0.0035533947620358074,-0.013948504160028623,0.005678911545754121,-0.028287952930970493,0.007153574827289634,-0.04525504228216051,0.008016053249973277,-0.06223641802020628,0.008595871427645068,-0.0765042357725942,0.009078291082714463,-0.08570279014846216,0.009276028842917925,-0.08827802563821412,0.008776431839860451,-0.08378468449574697,0.007335927226498767,-0.07295145248597855,0.0051997298821093805,-0.0574770305299101,0.0030804185336850195,-0.03967848642290025,0.0017781613516422606,-0.022116731138130643,0.0016807126989970063,-0.007201394152685827,0.0024843369311712223,0.0032649848701857566,0.0033563987771735053,0.008517521813785596,0.0034660813108863577,0.009019761277396161,0.0025362485745263645,0.0062890773013939485,0.0010518852502640627,0.002479328802617572,2.461183731970609e-05,-4.605340471808676e-06
95,5.323263775645469,86598249.08552012,1.4551915228366852e-11,331.61144995524,2.68016745818021,0.2670691834318577,0.1225070122771619,0.006701882222818032,2.7495320981466347,1405.0720372109788,1.4635970089070334,5.168781661604841,563.616950025598,1.4635970089070334,5.168781661604841,563.616950025598,11.92543519004013,-2.762543467591943e-05,2.897719625639019e-06,0.0013190730522762942,-0.004218238782045608,0.00356060592291669,-0.013996177197070614,0.005686311999451647,-0.0284178104001196,0.007150253963071285,-0.04551483042956464,0.00799254838973954,-0.06266690499683461,0.008552590738027952,-0.07713006134237856,0.00902729478126284,-0.08652507365757131,0.009233792339180511,-0.08927029444204274,0.008752083813249729,-0.08489502447893325,0.00732337063489915,-0.07411116610537605,0.005179689722208858,-0.05861187063976221,0.0030316278558334985,-0.040718346091638415,0.001690866079305169,-0.02300350562230405,0.0015640243509025546,-0.007896842794356434,0.002362476548729273,0.002772154196125232,0.0032558832146490995,0.008209791224475039,0.003402185445104456,0.008857464243955091,0.002507458415215612,0.006223045172665237,0.0010448212312710106,0.0024634476829881852,2.4628544666104907e-05,-4.5679324108187975e-06
96,5.323263775645469,86598249.08552012,1.4551915228366852e-11,331.61144995524,2.68016745818021,0.2670691834318577,0.1225070122771619,0.006701882222818032,2.7495320981466347,1405.0720372109788,1.4635970089070334,5.168781661604841,563.616950025598,1.4635970089070334,5.168781661604841,563.616950025598,11.779635662701045,-2.763005842992678e-05,2.9240659804998616e-06,0.0013212709486460355,-0.004226588710785369,0.0035672723633321133,-0.01404090299947706,0.005693026716258785,-0.028542199396836297,0.007146122449382124,-0.04576666607192619,0.007967881857904794,-0.06308755766520568,0.008507478901222417,-0.07774525738246284,0.008973689655103608,-0.0873373349267174,0.00918848141434986,-0.09025457273037857,0.008724850188968134,-0.08600050959221883,0.007308767119449037,-0.0752697334339898,0.00515870123095448,-0.05974929581271886,0.002982690706458395,-0.04176406508075268,0.001603538395281083,-0.02389851738771458,0.0014467481247078127,-0.008601631385670525,0.0022392253513952545,0.0022703252285387362,0.0031534776337310624,0.007894646761526217,0.003336518660520358,0.008690042214182157,0.002477529338582208,0.006154233616204849,0.001037352724132445,0.002446637456353111,2.4645736383198138e-05,-4.529460416045671e-06
97,5.323263775645469,86598249.08552012,1.4551915228366852e-11,331.61144995524,2.68016745818021,0.2670691834318577,0.1225070122771619,0.006701882222818032,2.7495320981466347,1405.0720372109788,1.4635970089070334,5.168781661604841,563.616950025598,1.4635970089070334,5.168781661604841,563.616950025598,11.63399952310798,-2.7634325112024443e-05,2.9493913054742967e-06,0.0013232079417670448,-0.00423397500775103,0.0035733992148166095,-0.014082680515506131,0.005699072783835041,-0.028661108800987396,0.007141218022951423,-0.04601051714982184,0.007942114379824136,-0.06349831082838826,0.00846061060319778,-0.0783497148638087,0.008917546265398186,-0.08813941573058118,0.009140145259307163,-0.09123065736396076,0.008694753493002578,-0.08710090619123631,0.007292123382309715,-0.0764269056630208,0.0051367762588020605,-0.06088905723435627,0.002933643193734398,-0.042815409301517296,0.001516244716356766,-0.024801563359880263,0.001328970004303615,-0.009315602383351993,0.002114667675088647,0.0017596044474601146,0.0030492456857016906,0.007572150301351089,0.00326911695804215,0.008517525894082658,0.002446475245668227,0.006082655069227859,0.0010294824746923193,0.0024289013357850398,2.4663403701320746e-05,-4.489932895986624e-06
98,5.323263775645469,86598249.08552012,1.4551915228366852e-11,331.61144995524,2.68016745818021,0.2670691834318577,0.1225070122771619,0.006701882222818032,2.7495320981466347,1405.0720372109788,1.4635970089070334,5.168781661604841,563.616950025598,1.4635970089070334,5.168781661604841,563.616950025598,11.488563537701058,-2.7638234364925818e-05,2.9736910332953955e-06,0.0013248840922839241,-0.004240395859435565,0.0035789896726835333,-0.014121499664148197,0.0057044646678632,-0.028774510682551054,0.007135575357379517,-0.046246328075335186,0.007915302844277708,-0.06389906993180151,0.008412055224509702,-0.07894329189735959,0.008858928065786902,-0.08893112649876828,0.009088824651655204,-0.09219832027821287,0.008661807983424877,-0.08819596527781892,0.007273439586937557,-0.0775824298475752,0.005113922724986014,-0.06203091408682599,0.0028845195990527925,-0.0438721620551798,0.0014290502188560965,-0.02571246552219244,0.0012107736625236623,-0.010038626870720529,0.0019888837154659854,0.001240070484320144,0.0029432456522320446,0.00724234045822102,0.0032000112676486107,0.008339929692903994,0.002414306693974194,0.0060083130407589825,0.0010212120005656238,0.002410239548019223,2.4681538942410522e-05,-4.449354872247182e-06
99,5.323263775645469,86598249.08552012,1.4551915228366852e-11,331.61144995524,2.68016745818021,0.2670691834318577,0.1225070122771619,0.006701882222818032,2.7495320981466347,1405.0720372109788,1.4635970089070334,5.168781661604841,563.616950025598,1.4635970089070334,5.168781661604841,563.616950025598,11.343363602126482,-2.7641787054248457e-05,2.996965303144814e-06,0.0013263006117912595,-0.004245853955763149,0.0035840491289889,-0.014157364150489377,0.005709219252291653,-0.02888240270988341,0.007129231742074944,-0.04647407949919149,0.00788750834243814,-0.06428978613165126,0.008361889846743954,-0.0795258972115366,0.008797910440162903,-0.08971232535534664,0.009034574964124709,-0.09315737228710112,0.008626041589244425,-0.08928546111230298,0.007252725096131616,-0.0787360617368082,0.00509015176017663,-0.06317461521766696,0.002835352970138607,-0.04493408264201227,0.0013420180770979987,-0.026631010259801743,0.001092243685658048,-0.010770534691060324,0.0018619589811777906,0.0007118420995317324,0.002835544071428089,0.006905288992333742,0.003129240580020136,0.008157290889742591,0.0023810394830228974,0.005931223431177231,0.0010125446757127683,0.0023906564649136667,2.4700131917180644e-05,-4.407736064969254e-06
100,5.323263775645469,86598249.08552012,1.4551915228366852e-11,331.61144995524,2.68016745818021,0.2670691834318577,0.1225070122771619,0.006701882222818032,2.7495320981466347,1405.0720372109788,1.4635970089070334,5.168781661604841,563.616950025598,1.4635970089070334,5.168781661604841,563.616950025598,11.198436518162891,-2.7644982148837256e-05,3.019210012267586e-06,0.0013274575921062338,-0.004250348091247717,0.003588580512961664,-0.014190265660585052,0.005713350183158909,-0.028984760105094456,0.007122220746323181,-0.04669371946521321,0.007858787220180935,-0.06467036999566465,0.008310184753178618,-0.08009739481956192,0.00873455936750936,-0.09048282810909519,0.008977440291237888,-0.09410758874967066,0.008587471176766523,-0.09036914663519895,0.007229980720649005,-0.07988754790959371,0.005065469659656694,-0.06431991864282437,0.0027861745649483305,-0.04600095267020063,0.0012552105288758753,-0.02755701606603029,0.0009734621935718141,-0.011511192765328292,0.001733973868655579,0.0001750017666916704,0.002726200530793192,0.006561037283613222,0.0030568372129453638,0.007969625465130706,0.002346684987343614,0.005851390470136567,0.0010034822484175966,0.002370152541496939,2.4719173967524392e-05,-4.365081782097638e-06
101,5.323263775645469,86598249.08552012,1.4551915228366852e-11,331.61144995524,2.68016745818021,0.2670691834318577,0.1225070122771619,0.006701882222818032,2.7495320981466347,1405.0720372109788,1.4635970089070334,5.168781661604841,563.616950025598,1.4635970089070334,5.168781661604841,563.616950025598,11.053818338812807,-2.76478192490322e-05,3.0404241184671507e-06,0.0013283558551792885,-0.004253880006892761,0.003592588069350845,-0.014220204920276766,0.005716872391205321,-0.029081574888708293,0.0071145772042747945,-0.0469052211787797,0.007829198055991651,-0.06504076311603099,0.008257014839568887,-0.08065768295400008,0.00866894844166777,-0.09124248284758313,0.00891747429205845,-0.09504877210832656,0.008546122608209283,-0.09144679150576572,0.007205213169963234,-0.08103664256077024,0.005039884432919737,-0.06546657742655411,0.0027370141477400627,-0.0470725381241415,0.001168687686707161,-0.02849027909266891,0.0008545111661383681,-0.012260441840049987,0.0016050117388928648,-0.0003703424105916536,0.00261527974968211,0.006209647905101535,0.0029828386447751224,0.007776964002021996,0.00231125796895552,0.0057688262824700165,0.000994027666793355,0.0023487308744685924,2.4738654696168985e-05,-4.321400325839888e-06
102,5.323263775645469,86598249.08552012,1.4551915228366852e-11,331.61144995524,2.68016745818021,0.2670691834318577,0.1225070122771619,0.006701882222818032,2.7495320981466347,1405.0720372109788,1.4635970089070334,5.168781661604841,563.616950025598,1.4635970089070334,5.168781661604841,563.616950025598,10.909545476331267,-2.7650297182908468e-05,3.060605600792384e-06,0.0013289959334360918,-0.004256450617663986,0.003596075274289273,-0.014247180046928837,0.005719799600485223,-0.029172834160233464,0.007106334448842873,-0.04710855022368097,0.00779879779474833,-0.06540089777966338,0.008202453301971165,-0.0812066493196852,0.00860114945919074,-0.09199112812248694,0.008854728663217407,-0.09598071623891989,0.008502019666212514,-0.09251815952035683,0.007178427091200113,-0.08218309712902955,0.005013402183949466,-0.06661434589868959,0.00268789984977374,-0.048148610821137784,0.0010825082232270155,-0.029430603003039364,0.0007354711857953793,-0.01301813125187268,0.0014751544786465519,-0.0009240907965929217,0.0025028449204018434,0.005851176193249518,0.002907280986438373,0.007579331872827936,0.0022747722620181975,0.00568354006962018,0.0009841835163943804,0.002326393575950083,2.475856376985174e-05,-4.276698895157422e-06
103,5.323263775645469,86598249.08552012,1.4551915228366852e-11,331.61144995524,2.68016745818021,0.2670691834318577,0.1225070122771619,0.006701882222818032,2.7495320981466347,1405.0720372109788,1.4635970089070334,5.168781661604841,563.616950025598,1.4635970089070334,5.168781661604841,563.616950025598,10.765654767568703,-2.7652413992626942e-05,3.0797514538378127e-06,0.0013293780729349207,-0.004258060015582941,0.003599044853577902,-0.014271186575752364,0.005722144394083216,-0.02925852007050776,0.007097524477803051,-0.0473036642208805,0.007767642033198302,-0.06575069682945382,0.008146571994235918,-0.08174417183994306,0.008531232771603798,-0.09272859161651559,0.008789253415840205,-0.09690320626887969,0.008455184185364045,-0.09358300849430003,0.007149625082374765,-0.08332666048815957,0.004986027177442277,-0.06776297950464738,0.002638858313571976,-0.04922894645959692,0.0009967296604431021,-0.03037779782860592,0.0006164218377241464,-0.013784118053941915,0.0013444829116971396,-0.0014861516294021827,0.0023889580317663786,0.00548567058412916,0.0028301991670190017,0.007376749391099619,0.0022372408462670054,0.005595538185892636,0.0009739520335187244,0.002303141783907508,2.4778890835491974e-05,-4.230983641225923e-06
104,5.323263775645469,86598249.08552012,1.4551915228366852e-11,331.61144995524,2.68016745818021,0.2670691834318577,0.1225070122771619,0.006701882222818032,2.7495320981466347,1405.0720372109788,1.4635970089070334,5.168781661604841,563.616950025598,1.4635970089070334,5.168781661604841,563.616950025598,10.622181959082846,-2.7654168346575036e-05,3.09786177246738e-06,0.0013295032507222777,-0.004258711258585009,0.0036015008146258977,-0.014292229161635372,0.0057239204591925125,-0.029338631793699627,0.007088180085663595,-0.04749054722785087,0.0077357877928479896,-0.06609011456774026,0.008089446365953832,-0.08227016295555567,0.008459275370196095,-0.09345473599481677,0.008721107452156514,-0.0978160557608192,0.0084056467296245,-0.09464111610217875,0.0071188156534557085,-0.08446709006162777,0.004957765331070108,-0.06891223096182138,0.002589914325338212,-0.05031330806715135,0.000911406609260947,-0.03133165343294513,0.0004974414840480561,-0.014558234776428708,0.001213079737073578,-0.002056408567531953,0.0022736853769952277,0.005113200155344969,0.002751632815474099,0.0071692512434306365,0.0021986799157136944,0.005504834787513014,0.0009633366220281757,0.0022789792556437813,2.479962391691984e-05,-4.1842636347491455e-06
105,5.323263775645469,86598249.08552012,1.4551915228366852e-11,331.61144995524,2.68016745818021,0.2670691834318577,0.1225070122771619,0.006701882222818032,2.7495320981466347,1405.0720372109788,1.4635970089070334,5.168781661604841,563.616950025598,1.4635970089070334,5.168781661604841,563.616950025598,10.479164722512802,-2.7655556946563872e-05,3.1149323879210927e-06,0.0013293713474270118,-0.004258403568836842,0.003603444790223309,-0.014310300487495872,0.005725138531829449,-0.02941314589804361,0.007078331017790817,-0.04766914873211042,0.007703288500194815,-0.06641906361529788,0.008031146557964577,-0.08278448812344104,0.008385346325128681,-0.09416937658618747,0.008650339517639221,-0.09871903827760085,0.00835342737754128,-0.09569223038531209,0.007085998934938055,-0.08560412936467289,0.0049286179194289355,-0.07006185507065232,0.00254109149881109,-0.05140147482770284,0.000826593971899537,-0.03229198690835662,0.0003786077054891673,-0.015340347217357057,0.0010810242745833668,-0.0026347789825143606,0.0021570876629135563,0.004733805090465767,0.002671615682456723,0.006956851504880922,0.002159101549028648,0.0054114326100225315,0.000952339118699512,0.002253905885604111,2.4820752289799804e-05,-4.136543721989191e-06
106,5.323263775645469,86598249.08552012,1.4551915228366852e-11,331.61144995524,2.68016745818021,0.2670691834318577,0.1225070122771619,0.006701882222818032,2.7495320981466347,1405.0720372109788,1.4635970089070334,5.168781661604841,563.616950025598,1.4635970089070334,5.168781661604841,563.616950025598,10.336638747474652,-2.7656577714871338e-05,3.1309639339364484e-06,0.0013289833932236346,-0.004257140683167126,0.0036048805188843808,-0.014325407217096593,0.005725811311286769,-0.029482065157104498,0.0070680084733152826,-0.04783945688035346,0.007670199781403752,-0.06673750461735184,0.007971747845527875,-0.0832870670422341,0.00830952419419449,-0.09487238250178379,0.00857701125872139,-0.09961197306287499,0.008298559189656428,-0.09673613298375981,0.007051184218711017,-0.08673753720446055,0.004898589318417237,-0.0712116052872564,0.002492411297775459,-0.05249320907890969,0.0007423426662584473,-0.03325858529496025,0.00025999626791761856,-0.016130284171081758,0.0009483984113096405,-0.0032211428162732935,0.0020392317685120464,0.0043475572841217254,0.0025901884117578017,0.006739586493176678,0.002118522628517819,0.005315346545556736,0.0009409631350673622,0.0022279256527249786,2.4842262974743378e-05,-4.0878332598953305e-06
107,5.323263775645469,86598249.08552012,1.4551915228366852e-11,331.61144995524,2.68016745818021,0.2670691834318577,0.1225070122771619,0.006701882222818032,2.7495320981466347,1405.0720372109788,1.4635970089070334,5.168781661604841,563.616950025598,1.4635970089070334,5.168781661604841,563.616950025598,10.19464136209062,-2.7657226944873856e-05,3.145953846835789e-06,0.001328339591885133,-0.004254923511704244,0.00360580990435838,-0.014337547118783678,0.005725949155744967,-0.02954537545288647,0.0070572412172400486,-0.048001435042077996,0.007636574478087897,-0.06704536697154848,0.007911321597037385,-0.08377778402314623,0.008231881843181054,-0.09556358806531574,0.00850117702509709,-0.10049464832458012,0.008241067580173605,-0.09777258168660068,0.00701437451156189,-0.08786706160731045,0.004867680196803696,-0.07236123466463988,0.0024438939752334313,-0.0535882835699149,0.0006587035542762294,-0.034231255351736725,0.0001416822495029571,-0.016927898857360787,0.0008152815804162716,-0.003815404977979266,0.0019201805486590959,0.003954507067470047,0.0025073873754333834,0.006517477054161546,0.0020769570078719305,0.005216582854318479,0.0009292111140339096,0.0022010396085813443,2.4864143773551544e-05,-4.038138432548269e-06
108,5.323263775645469,86598249.08552012,1.4551915228366852e-11,331.61144995524,2.68016745818021,0.2670691834318577,0.1225070122771619,0.006701882222818032,2.7495320981466347,1405.0720372109788,1.4635970089070334,5.168781661604841,563.616950025598,1.4635970089070334,5.168781661604841,563.616950025598,10.0532095313632,-2.765750088607451e-05,3.1599008607603135e-06,0.001327440430454501,-0.0042517542493721765,0.0036062352264736018,-0.014346721921542325,0.005725562469414067,-0.02960306999426283,0.007046057694330176,-0.048155057324504556,0.007602465340438774,-0.06734259290567826,0.007849940216860437,-0.08425653801684,0.00815249482123783,-0.09624284088062059,0.008422895116899821,-0.10136686470706369,0.008180981863806508,-0.0988013434681941,0.006975575221875455,-0.08899245404753799,0.004835891347964824,-0.0735104959145718,0.002395558020528849,-0.05468646656502953,0.0005757251572254202,-0.035209795769112935,2.3739286926067335e-05,-0.01773303458158624,0.000681753448719,-0.004417460424685198,0.0017999984539645412,0.003554713043151021,0.0024232508780483316,0.0062905496646368545,0.0020344198806833617,0.005115150811322609,0.0009170859751553463,0.0021732498007220854,2.488638156407864e-05,-3.98746656696712e-06
109,5.323263775645469,86598249.08552012,1.4551915228366852e-11,331.61144995524,2.68016745818021,0.2670691834318577,0.1225070122771619,0.006701882222818032,2.7495320981466347,1405.0720372109788,1.4635970089070334,5.168781661604841,563.616950025598,1.4635970089070334,5.168781661604841,563.616950025598,9.912379671414653,-2.7657395685548972e-05,3.17280489370247e-06,0.0013262866506520625,-0.004247636286625088,0.003606159070797508,-0.014352936958160142,0.005724661594162674,-0.029655148690261993,0.007034485811077149,-0.04830030748136712,0.007567924627566313,-0.06762913791078455,0.0077876765604912015,-0.08472324208469913,0.008071440696663584,-0.09691000310099016,0.00834222711510885,-0.10222843453361034,0.008118334761472413,-0.09982219365196165,0.006934793875169634,-0.09011346981681558,0.0048032235832202105,-0.07465914182194353,0.0023474200770959917,-0.05578752315430874,0.0004934534475278403,-0.03619399898766258,-9.376082303937024e-05,-0.018545526509517848,0.0005478933897420507,-0.005027195696217046,0.0016787510079011223,0.003148240938072876,0.0023378187664490698,0.006058835720075804,0.001990927572441434,0.005011062305892226,0.0009045910492911969,0.002144559148742766,2.4908962395122612e-05,-3.935825949441287e-06
110,5.323263775645469,86598249.08552012,1.4551915228366852e-11,331.61144995524,2.68016745818021,0.2670691834318577,0.1225070122771619,0.006701882222818032,2.7495320981466347,1405.0720372109788,1.4635970089070334,5.168781661604841,563.616950025598,1.4635970089070334,5.168781661604841,563.616950025598,9.772190387887251,-2.7656905837078633e-05,3.184662817608258e-06,0.0013248782174485048,-0.004242570344954687,0.0036055823024526697,-0.014356189182907543,0.005723254733258307,-0.029701595371246284,0.007022551428142888,-0.04843714487543886,0.007533002509177512,-0.06790492545973578,0.007724600571208006,-0.0851777740431784,0.007988792490265044,-0.09756490133854857,0.008259228389979995,-0.10307913785246449,0.008053152116958874,-0.10083488219915045,0.006892032110076754,-0.09122985079919309,0.004769674176628281,-0.07580692309609913,0.0022994957993493405,-0.056891226175017184,0.00041193485018522683,-0.03718367348417696,-0.00021074611958135279,-0.019365230983852764,0.0004137793610758575,-0.005644519718669746,0.001556500668917099,0.002735136687385724,0.0022511272814671923,0.005822352171886766,0.001946493703308753,0.004904321101536266,0.0008917285868389856,0.0021149677891045223,2.4931872826268484e-05,-3.883221931470184e-06
111,5.323263775645469,86598249.08552012,1.4551915228366852e-11,331.61144995524,2.68016745818021,0.2670691834318577,0.1225070122771619,0.006701882222818032,2.7495320981466347,1405.0720372109788,1.4635970089070334,5.168781661604841,563.616950025598,1.4635970089070334,5.168781661604841,563.616950025598,9.632677534154345,-2.7656027028643864e-05,3.1954762995583144e-06,0.0013232162308332222,-0.004236561612816493,0.003604507821010403,-0.014356489388273745,0.005721351751999937,-0.02974241998328665,0.007010281068245744,-0.0485655684098859,0.007497749882189609,-0.06816992959975472,0.007660785311309766,-0.0856200676228868,0.007904630580485645,-0.09820741802957743,0.008173965518823998,-0.10391880493748795,0.007985471861162882,-0.10183919742082023,0.006847300520587224,-0.0923413588898454,0.004735243479607115,-0.07695359298691255,0.0022517982573039916,-0.05799733542428338,0.0003312106004092143,-0.038178602873410586,-0.0003271483472325991,-0.02019197149820073,0.00027948978980318364,-0.00626930698844755,0.0014333143266208796,0.002315476098150585,0.0021632184797337945,0.0055811372368372615,0.0019011362367938674,0.004794942667793635,0.0008785025058037286,0.0020844798141827097,2.495509743513184e-05,-3.829664148205157e-06
112,5.323263775645469,86598249.08552012,1.4551915228366852e-11,331.61144995524,2.68016745818021,0.2670691834318577,0.1225070122771619,0.006701882222818032,2.7495320981466347,1405.0720372109788,1.4635970089070334,5.168781661604841,563.616950025598,1.4635970089070334,5.168781661604841,563.616950025598,9.493880001366602,-2.7654752791830872e-05,3.2052427951155126e-06,0.0013213007359938963,-0.004229611574517371,0.003602936258383898,-0.01435383670129147,0.005718959845936604,-0.029777610108198557,0.006997698868555989,-0.04868554284915397,0.007462215246703434,-0.06842407989160665,0.007596300190769802,-0.08605000741065033,0.007819029232185479,-0.098837385223497,0.008086496419888668,-0.10474721984739985,0.007915322309048112,-0.10283489115689771,0.006800601621994264,-0.09344773553971367,0.004699927339899849,-0.07809890002505955,0.002204339830198437,-0.059105621714447915,0.000251323372486751,-0.03917859169662104,-0.0004428982924839254,-0.02102560022648392,0.00014510164081191944,-0.006901462539591291,0.0013092548742719243,0.001889307931169774,0.0020741295141494067,0.005335209400046917,0.001854869416668507,0.004682931370794428,0.0008649152347893956,0.0020530955138602126,2.4978621592029785e-05,-3.775158222747934e-06
113,5.323263775645469,86598249.08552012,1.4551915228366852e-11,331.61144995524,2.68016745818021,0.2670691834318577,0.1225070122771619,0.006701882222818032,2.7495320981466347,1405.0720372109788,1.4635970089070334,5.168781661604841,563.616950025598,1.4635970089070334,5.168781661604841,563.616950025598,9.35583480426711,-2.7653077298720604e-05,3.213963100253142e-06,0.0013191325588408195,-0.004221724852602805,0.003600869579630749,-0.014348239947817396,0.005716087123820619,-0.02980717159610023,0.0069848289870368665,-0.04879705966981255,0.007426447040440905,-0.06866734141660041,0.007531216234832136,-0.0864675166374715,0.007732067416335743,-0.09945467479510976,0.007996886642648278,-0.10556420218208701,0.007842740150364331,-0.10382174257441033,0.006751944082604211,-0.09454873745604216,0.004663723456592729,-0.0792425958648488,0.002157130566981015,-0.06021584652820107,0.00017231151468656157,-0.040183428615611104,-0.0005579300543194242,-0.0218659473168876,1.0691611743742503e-05,-0.007540868122702029,0.0011843879074190278,0.0014567011877963077,0.0019839013825516906,0.005084601535914762,0.0018077104182901414,0.004568299482534909,0.0008509703339894154,0.002020817843033774,2.5002429167073165e-05,-3.7197126642364475e-06
114,5.323263775645469,86598249.08552012,1.4551915228366852e-11,331.61144995524,2.68016745818021,0.2670691834318577,0.1225070122771619,0.006701882222818032,2.7495320981466347,1405.0720372109788,1.4635970089070334,5.168781661604841,563.616950025598,1.4635970089070334,5.168781661604841,563.616950025598,9.218580016153668,-2.7650993705894565e-05,3.2216370228077806e-06,0.0013167122559543795,-0.004212905283478996,0.0035983090244301134,-0.014339705410309796,0.005712740560521793,-0.029831105246424197,0.0069716942271086345,-0.048900103266821565,0.0073904923009451675,-0.0688996688051866,0.007465603055137524,-0.08687250702603422,0.007643822605782532,-0.10005914644529955,0.007905200009148095,-0.10636955972562932,0.007767760124240666,-0.10479952072888961,0.0067013345598050285,-0.09564411456070454,0.004626627756382182,-0.08038443029128414,0.0021101791535805253,-0.06132777452623907,9.421239602669654e-05,-0.041192907011250494,-0.0006721785541538041,-0.022712849913278602,-0.00012366452126396643,-0.00818741309637694,0.0010587778951232025,0.0010177179361405566,0.0018925739095616533,0.004829341283473549,0.0017596755245815638,0.004451056222138266,0.0008366709847957901,0.001987648690961328,2.50265038027001e-05,-3.6633349008703887e-06
115,5.323263775645469,86598249.08552012,1.4551915228366852e-11,331.61144995524,2.68016745818021,0.2670691834318577,0.1225070122771619,0.006701882222818032,2.7495320981466347,1405.0720372109788,1.4635970089070334,5.168781661604841,563.616950025598,1.4635970089070334,5.168781661604841,563.616950025598,9.082154678998982,-2.7648494204495456e-05,3.2282636711191006e-06,0.0013140401904109674,-0.004203156208176963,0.0035952552522735214,-0.014328237677996647,0.005708926161196288,-0.029849408365402685,0.006958316230185117,-0.04899465206161483,0.007354396933451818,-0.06912100886748389,0.007399529328655513,-0.08726488181121547,0.00755437148286408,-0.1006506499678215,0.007811499486184195,-0.10716309137306468,0.007690415831892648,-0.10576798729989335,0.006648778263613927,-0.0967336118163853,0.004588634610841681,-0.08152415026760002,0.0020634928968624624,-0.06244117000364677,1.7062358684982137e-05,-0.0422068226774434,-0.0007855794123433176,-0.023566149561146225,-0.00025789153773686903,-0.00884099196786392,0.0009324886995869669,0.0005724153008507182,0.0018001862302649038,0.00456945238098351,0.0017107804347699493,0.004331208480758702,0.000822020096971954,0.0019535891190424664,2.5050828727214256e-05,-3.6060315642161908e-06
116,5.323263775645469,86598249.08552012,1.4551915228366852e-11,331.61144995524,2.68016745818021,0.2670691834318577,0.1225070122771619,0.006701882222818032,2.7495320981466347,1405.0720372109788,1.4635970089070334,5.168781661604841,563.616950025598,1.4635970089070334,5.168781661604841,563.616950025598,8.946595730601562,-2.76455715615319e-05,3.2338453622721257e-06,0.001311117470665285,-0.004192483934147783,0.00359171018240091,-0.014313850573609833,0.005704650683465808,-0.029862095745949967,0.006944716285080845,-0.04908071066464455,0.007318206076312689,-0.06933134229546603,0.007333064254054837,-0.08764458162711548,0.007463794135634703,-0.10122907428808903,0.007715854441112743,-0.10794463081625189,0.007610748406034755,-0.10672693042598785,0.006594286189275026,-0.0978169905107821,0.004549740206064179,-0.08266150860306193,0.0020170767255277082,-0.06355579316066258,-5.910693276861848e-05,-0.04322495949104074,-0.0008980723277713506,-0.024425668970717067,-0.00039191552284446494,-0.009501478612140514,0.0008055858691952522,0.00012086873316964974,0.0017067805897379741,0.004304971778228403,0.0016610434002424326,0.004208770460370132,0.0008070216023261565,0.0019186426570142585,2.507538584739381e-05,-3.547811898215487e-06
117,5.323263775645469,86598249.08552012,1.4551915228366852e-11,331.61144995524,2.68016745818021,0.2670691834318577,0.1225070122771619,0.006701882222818032,2.7495320981466347,1405.0720372109788,1.4635970089070334,5.168781661604841,563.616950025598,1.4635970089070334,5.168781661604841,563.616950025598,8.81194408600787,-2.7642216114891046e-05,3.2383803125768383e-06,0.0013079441983103993,-0.004180891275060993,0.0035876735602718202,-0.014296546722875942,0.005699918424725524,-0.02986916037423518,0.006930913770431953,-0.04915825058447863,0.007281963383760249,-0.06953060583275404,0.007266274756933186,-0.08801149701158723,0.007372166127230835,-0.10179425551287029,0.0076183269914991475,-0.1087139630438751,0.007528790229834426,-0.10767609994467482,0.00653786154261816,-0.09889398612130997,0.004509936230317473,-0.08379624733171412,0.0019709350858146068,-0.06467140797738317,-0.00013426162700060405,-0.044247116350830375,-0.0010095947383641545,-0.02529125564664458,-0.0005256624770159027,-0.010168774760052618,0.0006781323057571975,-0.00033687180800767903,0.0016123951836629336,0.004035917394117831,0.0016104793105452867,0.004083745479785661,0.000791678012339885,0.0018828090745565877,2.510015735056268e-05,-3.4886813290273906e-06
118,5.323263775645469,86598249.08552012,1.4551915228366852e-11,331.61144995524,2.68016745818021,0.2670691834318577,0.1225070122771619,0.006701882222818032,2.7495320981466347,1405.0720372109788,1.4635970089070334,5.168781661604841,563.616950025598,1.4635970089070334,5.168781661604841,563.616950025598,8.67823672022185,-2.7638419540128673e-05,3.2418718935974884e-06,0.0013045216873851817,-0.004168385698724179,0.0035831473089641694,-0.014276343371623541,0.005694735253786707,-0.02987062312566961,0.0069169280099578845,-0.04922728466813558,0.007245711623897678,-0.06971879091654389,0.007199228538021696,-0.08836558060203097,0.007279567967640984,-0.10234609452775538,0.007518988781464234,-0.10947093165679661,0.007444585250838134,-0.10861529052115082,0.006479516851155016,-0.0999643638523947,0.004469217914586573,-0.08492811979530202,0.0019250695455037675,-0.06578777296473522,-0.0002083745377550849,-0.045273073243184005,-0.0011200902054934576,-0.026162727876814822,-0.000659060549668156,-0.010842749589616297,0.0005501933055978138,-0.0008007270512100166,0.0015170729137129568,0.003762328536965911,0.0015591070314332465,0.003956148800670739,0.0007759934695241168,0.00184609220303022,2.5125123713227665e-05,-3.4286495140792902e-06
119,5.323263775645469,86598249.08552012,1.4551915228366852e-11,331.61144995524,2.68016745818021,0.2670691834318577,0.1225070122771619,0.006701882222818032,2.7495320981466347,1405.0720372109788,1.4635970089070334,5.168781661604841,563.616950025598,1.4635970089070334,5.168781661604841,563.616950025598,8.54551395567002,-2.7634171375361927e-05,3.2443203694029273e-06,0.001300850488762733,-0.0041549720705987185,0.0035781316528170487,-0.01425324936728976,0.005689105032685848,-0.029866488368502024,0.006902776658296892,-0.04928780082231864,0.007209492237190419,-0.06989585474406491,0.007131991505093705,-0.08870674655853923,0.007186076799611117,-0.10288445044490017,0.007417906111560369,-0.11021534155170447,0.007358170882537261,-0.10954426611488834,0.006419258669171169,-0.10102786698115901,0.004427576835505957,-0.08605687027216084,0.0018794809744069616,-0.06690464881606366,-0.00028141710898298784,-0.04630262240713912,-0.0012295007312925624,-0.02703992270688582,-0.0007920378437205109,-0.011523293626947467,0.00042183220138508376,-0.0012706374518067188,0.0014208536307768172,0.0034842296566211855,0.001506942855702484,0.003825987139961094,0.0007599710128418176,0.001808492902872277,2.515026535891005e-05,-3.3677231283647358e-06
120,5.323263775645469,86598249.08552012,1.4551915228366852e-11,331.61144995524,2.68016745818021,0.2670691834318577,0.1225070122771619,0.006701882222818032,2.7495320981466347,1405.0720372109788,1.4635970089070334,5.168781661604841,563.616950025598,1.4635970089070334,5.168781661604841,563.616950025598,8.413815306127367,-2.762946097318365e-05,3.2457277075725302e-06,0.0012969315433146627,-0.004140656887334848,0.003572627380005915,-0.01422727853346895,0.005683031701793998,-0.029856769779144792,0.006888476605172152,-0.04933980014198681,0.007173345496303938,-0.07006177235062791,0.0070646290836531315,-0.08903492788987304,0.0070917710423018645,-0.10340920283194383,0.007315148402616712,-0.11094701550461654,0.007269588408521884,-0.11046280395986224,0.006357096426044426,-0.10208424775438939,0.0043850051094836235,-0.08718224617175839,0.0018341682963145295,-0.06802179473414424,-0.0003533641125426837,-0.04733554988321555,-0.0013377713192166442,-0.027922668529377404,-0.0009245238387762693,-0.01221028785508846,0.0002931127435192766,-0.0017465350262434308,0.0013237785274580003,0.0032016511890522064,0.0014540042450647366,0.0036932704442001517,0.0007436141450104459,0.0017700131058397265,2.5175561656970622e-05,-3.3059100051413657e-06
121,5.323263775645469,86598249.08552012,1.4551915228366852e-11,331.61144995524,2.68016745818021,0.2670691834318577,0.1225070122771619,0.006701882222818032,2.7495320981466347,1405.0720372109788,1.4635970089070334,5.168781661604841,563.616950025598,1.4635970089070334,5.168781661604841,563.616950025598,8.28317952579121,-2.7624277353236662e-05,3.2460972114324784e-06,0.0012927660932044106,-0.004125447909360438,0.0035666356749876216,-0.014198448615845953,0.005676519091742576,-0.02984148830511899,0.006874043809554227,-0.049383295204168634,0.0071373102711375334,-0.07021653239290801,0.006997205760820316,-0.0893500733242042,0.006996729568981834,-0.10392024714467994,0.007210787145216097,-0.11166579102849825,0.007178881935670005,-0.11137069298398412,0.006293041687391279,-0.10313326594671515,0.0043414951129428295,-0.08830399773658126,0.0017891286078040496,-0.06913896976800844,-0.0004241933958202016,-0.048371638395182354,-0.0014448498962575443,-0.028810788221516098,-0.0010564496521410973,-0.012903606864021233,0.0001640985622339781,-0.0022283460326398235,0.0012258895553596682,0.0029146276591905124,0.001400309426008074,0.0035580108644080854,0.0007269266835931587,0.0017306554653706112,2.520099106754176e-05,-3.24321875025036e-06
122,5.323263775645469,86598249.08552012,1.4551915228366852e-11,331.61144995524,2.68016745818021,0.2670691834318577,0.1225070122771619,0.006701882222818032,2.7495320981466347,1405.0720372109788,1.4635970089070334,5.168781661604841,563.616950025598,1.4635970089070334,5.168781661604841,563.616950025598,8.153648981920249,-2.7618607315865727e-05,3.245429613193452e-06,0.0012883547570537893,-0.0041093508360868555,0.003560156288197773,-0.014166770531142826,0.0056695693132712156,-0.02982065122295187,0.006859492851046632,-0.0494182763117276,0.007101424543323794,-0.07036009467616186,0.006929785036396352,-0.08965209790471712,0.0069010291488734955,-0.10441744216715171,0.007104890006134679,-0.11237147071012424,0.007086090474519391,-0.11226769252127482,0.006227101011697147,-0.10417465914109746,0.004297035922430515,-0.08942186489887755,0.0017443582197600499,-0.07025593127737619,-0.0004938815627896182,-0.049410679064618955,-0.0015506826325398383,-0.029704119071163368,-0.0011877457154944925,-0.01360314258999635,3.4852224503433657e-05,-0.0027160133012331744,0.001127226443524535,0.0026231808266642303,0.0013458745589586315,0.003420213070824837,0.0007099115099688284,0.0016904200092945115,2.5226531518350795e-05,-3.179655414669283e-06
123,5.323263775645469,86598249.08552012,1.4551915228366852e-11,331.61144995524,2.68016745818021,0.2670691834318577,0.1225070122771619,0.006701882222818032,2.7495320981466347,1405.0720372109788,1.4635970089070334,5.168781661604841,563.616950025598,1.4635970089070334,5.168781661604841,563.616950025598,8.02526145763654,-2.7612438918349748e-05,3.243730647303633e-06,0.0012836993300067608,-0.004092375776085204,0.0035531911028251566,-0.014132269158533283,0.0056621859256340045,-0.02979429265478944,0.006844837798559524,-0.04944477520534898,0.007065724316313209,-0.07049247196116112,0.006862429328910372,-0.08994097792105057,0.006804749166951279,-0.10490071103286527,0.006997531972624224,-0.11306391663528893,0.006991263067325556,-0.11315361017394596,0.0061592896742019695,-0.10520819999105785,0.004251620226002002,-0.09053560335155457,0.0016998507184623106,-0.0713724382081578,-0.0005624122737781386,-0.05045244905237796,-0.0016552230231016594,-0.030602475046442174,-0.0013183463952415836,-0.014308759240441175,-9.45631216069455e-05,-0.0032094537592760176,0.0010278322920083424,0.0023273517677712147,0.0012907190990928004,0.0032798926679186357,0.0006925729434393058,0.0016493105048458472,2.5252159542964812e-05,-3.1152298170863553e-06
124,5.323263775645469,86598249.08552012,1.4551915228366852e-11,331.61144995524,2.68016745818021,0.2670691834318577,0.1225070122771619,0.006701882222818032,2.7495320981466347,1405.0720372109788,1.4635970089070334,5.168781661604841,563.616950025598,1.4635970089070334,5.168781661604841,563.616950025598,7.898059898816683,-2.7605757232029533e-05,3.2410022709065357e-06,0.0012788007041230143,-0.00407452976060443,0.003545740009392626,-0.014094959264195088,0.005654370274261763,-0.029762426524984776,0.0068300912509456635,-0.049462791075063135,0.00703024498651027,-0.07061363447964661,0.00679520022387897,-0.09021663907723936,0.006707966283185494,-0.10536992353357624,0.00688878250738107,-0.11374293999106955,0.006894441227038724,-0.11402821144828702,0.006089615674537148,-0.10623362866508562,0.004205236246398736,-0.09164495331747452,0.0016555992501877273,-0.07248824742134186,-0.000629766459034928,-0.05149673707262899,-0.0017584211153060035,-0.03150569060656373,-0.0014481844099230243,-0.01502034590370052,-0.00022408552253410911,-0.0037086081454840267,0.0009277471084739859,0.002027163244664515,0.0012348595422428932,0.0031370545649117157,0.000674913957585007,0.0016073269706932919,2.5277851086579212e-05,-3.049948125491631e-06
125,5.323263775645469,86598249.08552012,1.4551915228366852e-11,331.61144995524,2.68016745818021,0.2670691834318577,0.1225070122771619,0.006701882222818032,2.7495320981466347,1405.0720372109788,1.4635970089070334,5.168781661604841,563.616950025598,1.4635970089070334,5.168781661604841,563.616950025598,7.772083980592586,-2.7598547938685523e-05,3.237250248876703e-06,0.0012736606677761406,-0.0040558231934420715,0.003537804488742175,-0.014054866230514345,0.00564612466213067,-0.029725087112465506,0.006815265105646599,-0.04947235446535017,0.006995019954569277,-0.07072359292996733,0.006728157876566112,-0.09047905403305827,0.006610758541019607,-0.10582499780610306,0.006778716146698891,-0.11440839730409388,0.00679567377397897,-0.1148912974667525,0.0060180934358620595,-0.10725071260064782,0.004157874761385142,-0.09274966777839634,0.001611594627844409,-0.07360311730973448,-0.0006959308012529061,-0.05254332387484015,-0.0018602330293588573,-0.0324135842611808,-0.001577196014639402,-0.015737772280558348,-0.0003536530784501108,-0.004213398942294021,0.0008270130879842522,0.0017226516590353232,0.0011783146628414423,0.0029917113752644165,0.0006569385361422358,0.0015644720525689268,2.5303580814018627e-05,-2.983819140094629e-06
126,5.323263775645469,86598249.08552012,1.4551915228366852e-11,331.61144995524,2.68016745818021,0.2670691834318577,0.1225070122771619,0.006701882222818032,2.7495320981466347,1405.0720372109788,1.4635970089070334,5.168781661604841,563.616950025598,1.4635970089070334,5.168781661604841,563.616950025598,7.647375162623642,-2.7590795064460217e-05,3.232479697466112e-06,0.0012682808542024222,-0.004036266056592726,0.003529385517384077,-0.014012013874948303,0.005637450514768542,-0.029682305157623146,0.006800370133983591,-0.04947348990216578,0.006960081465025364,-0.0708223487783183,0.006661361387269048,-0.09072818444619447,0.006513202935567624,-0.10626583970647452,0.006667406208092036,-0.11506013266833075,0.006695008018229233,-0.11574266025463788,0.005944735672262649,-0.10825920971056856,0.00410952495353544,-0.0938494960299671,0.0015678264922712728,-0.07471680565491466,-0.0007608926418796748,-0.05359199218278057,-0.0019606152437259047,-0.033325980399219524,-0.0017053178842974437,-0.016460915256304342,-0.000483204617824893,-0.0047237556416163335,0.0007256714498228772,0.0014138478379606583,0.0011211023689497036,0.0028438723384072947,0.0006386502551307031,0.0015207471801216659,2.5329322386532798e-05,-2.9168505102017584e-06
127,5.323263775645469,86598249.08552012,1.4551915228366852e-11,331.61144995524,2.68016745818021,0.2670691834318577,0.1225070122771619,0.006701882222818032,2.7495320981466347,1405.0720372109788,1.4635970089070334,5.168781661604841,563.616950025598,1.4635970089070334,5.168781661604841,563.616950025598,7.52397634437966,-2.7582481078048232e-05,3.2266956939638273e-06,0.0012626628904564968,-0.004015868469858323,0.0035204838609421327,-0.013966426149461676,0.005628348629395496,-0.029634111075248916,0.00678541609352215,-0.04946621980966945,0.006925460630237349,-0.07090990109473441,0.006594868932694651,-0.0909639873976317,0.006415375956649985,-0.10669235017652859,0.006554925798426501,-0.11569798465233105,0.006592491003932409,-0.11658208438064314,0.005869554423131392,-0.10925887392719619,0.0040601748859408066,-0.09494418319236549,0.0015242831561801385,-0.07582907008846711,-0.0008246405331493315,-0.054642527148253385,-0.0020595251225015137,-0.03424270620160143,-0.0018324872679054886,-0.017189655429976507,-0.0006126794146238942,-0.005239611628459777,0.0006237629434893257,0.0011007793164765432,0.0010632401253149217,0.002693544599791265,0.0006200524552945624,0.0014761530005941213,2.5355048226080437e-05,-2.8490491828644954e-06
128,5.323263775645469,86598249.08552012,1.4551915228366852e-11,331.61144995524,2.68016745818021,0.2670691834318577,0.1225070122771619,0.006701882222818032,2.7495320981466347,1405.0720372109788,1.4635970089070334,5.168781661604841,563.616950025598,1.4635970089070334,5.168781661604841,563.616950025598,7.4019271625869445,-2.757358885605391e-05,3.2199068625647143e-06,0.0012568092422303187,-0.003994643632069134,0.0035111017949772997,-0.013918136750778918,0.0056188207169411515,-0.029580554047036838,0.006770411927827045,-0.04945059587967362,0.006891186192371646,-0.07098628572974686,0.006528736483882468,-0.0911864640685757,0.006317354241437866,-0.10710447584826564,0.006441351649857402,-0.11632183532301522,0.006488175823754689,-0.11740939273140698,0.00579256743550308,-0.11024948574313344,0.004009815088312466,-0.09603349100702203,0.0014809508854108041,-0.07693967237057169,-0.0008871685163739721,-0.05569470891324948,-0.0021569262279733446,-0.03516357732051134,-0.001958645574129077,-0.01792385816918998,-0.0007420177111561849,-0.005760885353393536,0.0005213296493100614,0.0007834850300185784,0.0010047471368891177,0.002540741812849561,0.0006011493028214042,0.0014306923906515947,2.5380729586876517e-05,-2.7804242609885163e-06
129,5.323263775645469,86598249.08552012,1.4551915228366852e-11,331.61144995524,2.68016745818021,0.2670691834318577,0.1225070122771619,0.006701882222818032,2.7495320981466347,1405.0720372109788,1.4635970089070334,5.168781661604841,563.616950025598,1.4635970089070334,5.168781661604841,563.616950025598,7.281273311390421,-2.7564097561239536e-05,3.2121184943748228e-06,0.0012507216054259453,-0.003972602171133043,0.003501239827979891,-0.013867170635302087,0.005608866501978334,-0.029521665233456434,0.006755365431487361,-0.04942664079507807,0.006857286925243481,-0.0710514993759796,0.006463020257262848,-0.09139556684893599,0.006219213185917707,-0.10750211106939586,0.006326756521095032,-0.11693151497111949,0.00638210919719489,-0.1182243608815915,0.005713785699634517,-0.1112307909329094,0.00395843160166739,-0.09711716007365985,0.0014378153820173202,-0.07804836864036901,-0.0009484676837437389,-0.05674832445012875,-0.0022527779067545795,-0.0360884267587901,-0.002083731411375593,-0.018663411602025552,-0.0008711598120930697,-0.006287517980279226,0.00041841131647204366,0.0004619859499006887,0.000945639963542829,0.0023854669383680757,0.0005819436664999474,0.0013843644308716718,2.5406336123914702e-05,-2.710981271069794e-06
130,5.323263775645469,86598249.08552012,1.4551915228366852e-11,331.61144995524,2.68016745818021,0.2670691834318577,0.1225070122771619,0.006701882222818032,2.7495320981466347,1405.0720372109788,1.4635970089070334,5.168781661604841,563.616950025598,1.4635970089070334,5.168781661604841,563.616950025598,7.162054305898613,-2.7553987834599488e-05,3.203341556643693e-06,0.0012444030197038167,-0.003949759514909273,0.0034909010325472386,-0.013813568143156624,0.005598487569197643,-0.029457505771278616,0.006740283689000054,-0.049394422531459876,0.006823788349740009,-0.07110559822507645,0.006397773130466288,-0.09159131987468293,0.006121028204787755,-0.10788522553168026,0.006211218515074373,-0.1175269263290397,0.006274347257361487,-0.11902682885094323,0.0056332295376452235,-0.11220258178243482,0.003906015113079653,-0.0981949595753056,0.0013948600171504837,-0.07915492476413509,-0.0010085371097295723,-0.057803155400825874,-0.0023470490112358425,-0.03701706916971625,-0.002207690015032768,-0.01940817878680368,-0.001000047706567083,-0.006819425611467807,0.00031504976297000464,0.00013632251000061574,0.0008859380203870728,0.002227734219676055,0.0005624398135914933,0.0013371721117203873,2.543183637362434e-05,-2.6407294418855348e-06
131,5.323263775645469,86598249.08552012,1.4551915228366852e-11,331.61144995524,2.68016745818021,0.2670691834318577,0.1225070122771619,0.006701882222818032,2.7495320981466347,1405.0720372109788,1.4635970089070334,5.168781661604841,563.616950025598,1.4635970089070334,5.168781661604841,563.616950025598,7.044314898118758,-2.7543236799384995e-05,3.1935846502701898e-06,0.0012378559917549752,-0.003926129336547814,0.0034800871954873674,-0.013757363470998242,0.005587683975053213,-0.029388123800036494,0.006725172771931291,-0.04935398783269195,0.006790715801599075,-0.07114860990975164,0.006333048023796685,-0.09177370988631349,0.006022873746894959,-0.1082537484733962,0.006094812792571938,-0.11810793269939966,0.0061649413325180515,-0.1198165990518683,0.005550914042119487,-0.1131646236011315,0.00385255268375299,-0.0992666413200122,0.001352067455924431,-0.08025910260142106,-0.0010673738427308553,-0.05885898919330862,-0.0024397052994649935,-0.037949333414579525,-0.0023304645345558943,-0.020158041487343677,-0.0011286234926254268,-0.0073565430962638035,0.00021128490491721492,-0.00019347976507049424,0.0008256585562653152,0.0020675489712974247,0.0005426409355751664,0.0012891152370500941,2.545719700294234e-05,-2.569675006727722e-06
132,5.323263775645469,86598249.08552012,1.4551915228366852e-11,331.61144995524,2.68016745818021,0.2670691834318577,0.1225070122771619,0.006701882222818032,2.7495320981466347,1405.0720372109788,1.4635970089070334,5.168781661604841,563.616950025598,1.4635970089070334,5.168781661604841,563.616950025598,6.928098227289044,-2.753182084743722e-05,3.1828589108181706e-06,0.0012310836465304138,-0.003901727541002504,0.0034688011909231723,-0.013698597742616753,0.005576456342640439,-0.029313580499118128,0.00671003796660793,-0.04930540309378564,0.006758092566885349,-0.07118058560621193,0.006268895744249646,-0.09194275265198665,0.0059248236711396205,-0.108607639120447,0.005977616304772125,-0.11867442467630022,0.006053946307594839,-0.12059349922332353,0.005466857765186918,-0.11411669933401034,0.0037980327423336254,-0.10033196952599244,0.001309418778346461,-0.08136066801850296,-0.0011249788388980012,-0.05991561322179611,-0.0025307170080576496,-0.03888504419086331,-0.0024520013813373793,-0.02091287495362155,-0.001256830508033842,-0.007898798599172332,0.0001071569571628666,-0.0005273902329747148,0.0007648195427895516,0.0019049193742424057,0.0005225505872239734,0.00124019456696105,2.548238309038392e-05,-2.497825087593777e-06
133,5.323263775645469,86598249.08552012,1.4551915228366852e-11,331.61144995524,2.68016745818021,0.2670691834318577,0.1225070122771619,0.006701882222818032,2.7495320981466347,1405.0720372109788,1.4635970089070334,5.168781661604841,563.616950025598,1.4635970089070334,5.168781661604841,563.616950025598,6.813446577856077,-2.7519715247401913e-05,3.1711774391959516e-06,0.0012240895976553083,-0.0038765717862489705,0.0034570467350066116,-0.013637317420270623,0.005564805700433271,-0.029233946964264908,0.006694883769823913,-0.049248749201084054,0.006725940016591538,-0.07120159522871175,0.006205364984875022,-0.09209848456596326,0.005826950820116399,-0.10894687841979682,0.005859706826065983,-0.11922631421679147,0.005941419317250282,-0.12135737421112454,0.005381081552822405,-0.11505860524370795,0.0037424445719670104,-0.1013907170230113,0.001266893724420977,-0.08245939350203359,-0.0011813561744369698,-0.06097281670106412,-0.0026200580304529823,-0.03982402587391922,-0.0025722498272242786,-0.021672552167248286,-0.0013846135050125418,-0.008446117555550768,2.705903791867972e-06,-0.0008653761140730825,0.0007034391761714889,0.0017398547669078494,0.0005021724640318971,0.001190411226193598,2.5507358079413067e-05,-2.4251870959046506e-06
134,5.323263775645469,86598249.08552012,1.4551915228366852e-11,331.61144995524,2.68016745818021,0.2670691834318577,0.1225070122771619,0.006701882222818032,2.7495320981466347,1405.0720372109788,1.4635970089070334,5.168781661604841,563.616950025598,1.4635970089070334,5.168781661604841,563.616950025598,6.700407145650919,-2.7506891439412075e-05,3.1585520688781046e-06,0.0012168772063836692,-0.0038506789441610585,0.0034448268079197287,-0.013573565827585956,0.005552732038382085,-0.029149286890908087,0.0066797138930963776,-0.04918409343269046,0.006694279353997882,-0.07121168981846293,0.006142504678113683,-0.09224091668470386,0.00572932784153975,-0.10927141834887072,0.00574116064201911,-0.11976348292281132,0.005827414518285678,-0.1221080407540155,0.005293602564232767,-0.11599011529619677,0.0036857745230278933,-0.10244264269135663,0.0012244711086270706,-0.08355504557263947,-0.0012365086873970103,-0.062030393128228,-0.002707699916671755,-0.04076611292245226,-0.002691157315109085,-0.022436961055274724,-0.0015119170275651789,-0.008998440781423762,-0.00010202957986430955,-0.0012074171197932707,0.0006415339690334348,0.0015723568773077293,0.00048150937390681347,0.0011397635905148677,2.5532082739356506e-05,-2.351765894922426e-06
135,5.323263775645469,86598249.08552012,1.4551915228366852e-11,331.61144995524,2.68016745818021,0.2670691834318577,0.1225070122771619,0.006701882222818032,2.7495320981466347,1405.0720372109788,1.4635970089070334,5.168781661604841,563.616950025598,1.4635970089070334,5.168781661604841,563.616950025598,6.58902063448916,-2.749332193681048e-05,3.1450001398240548e-06,0.0012094511550581144,-0.0038240704217676227,0.003432147016289247,-0.013507400851143,0.00554023741004116,-0.029059692517602813,0.006664531437146596,-0.04911154726067655,0.006663128154976839,-0.07121097753453634,0.006080359198602343,-0.09237012964331105,0.005632025359025,-0.10958128570228931,0.005622056999798599,-0.12028588584479458,0.0057119934831868675,-0.12284538139514906,0.005204446310161793,-0.11691105571924022,0.0036280137236656927,-0.10348754001501924,0.001182128159637652,-0.08464740923025439,-0.0012904465845730419,-0.06308813777783644,-0.0027936238760257943,-0.041711130765505804,-0.0028086789762436053,-0.02320597172401338,-0.0016386888831530753,-0.00955568964475116,-0.00020701020887456083,-0.0015534771820615812,0.0005791223902637492,0.0014024367967050658,0.00046056522353853915,0.0010882533161459046,2.5556516754519133e-05,-2.2775692422344537e-06
136,5.323263775645469,86598249.08552012,1.4551915228366852e-11,331.61144995524,2.68016745818021,0.2670691834318577,0.1225070122771619,0.006701882222818032,2.7495320981466347,1405.0720372109788,1.4635970089070334,5.168781661604841,563.616950025598,1.4635970089070334,5.168781661604841,563.616950025598,6.479335076057369,-2.7478973955738464e-05,3.130536753409635e-06,0.0012018156680659272,-0.003796766128647396,0.003419011782605649,-0.013438874706309577,0.005527322460630057,-0.028965243252628888,0.0066493388502203024,-0.049031200121065,0.00663250459813452,-0.07119953468469678,0.00601897416733725,-0.09248616239532473,0.005535114306525845,-0.10987645998144595,0.005502473017176359,-0.12079343024121748,0.005595213023411897,-0.123569234196845,0.00511363246370333,-0.11782121584385984,0.003569148978440012,-0.10452517975571661,0.0011398413472384504,-0.08573626023515846,-0.0013431771355269552,-0.06414585093050044,-0.0028778063946089667,-0.04265891951657286,-0.002924766205000338,-0.02397947641230969,-0.0017648759727090326,-0.010117808436664825,-0.0003121984112690591,-0.0019035388494596365,0.0005162204563352157,0.001230094309664813,0.0004393426042074461,0.0010358779881228543,2.558061623405235e-05,-2.2026011309910603e-06
137,5.323263775645469,86598249.08552012,1.4551915228366852e-11,331.61144995524,2.68016745818021,0.2670691834318577,0.1225070122771619,0.006701882222818032,2.7495320981466347,1405.0720372109788,1.4635970089070334,5.168781661604841,563.616950025598,1.4635970089070334,5.168781661604841,563.616950025598,6.371393559453073,-2.7463814769822707e-05,3.1151817734877903e-06,0.00119397613178771,-0.003768789899769475,0.003405427847732518,-0.013368052123234416,0.0055139896759868546,-0.028866042833391684,0.006634138094281455,-0.048943178301622196,0.006602423685683602,-0.071177486559248,0.005958391073025786,-0.09258911187086166,0.005438663418178433,-0.11015698306102106,0.005382487692797543,-0.12128608400765839,0.005477135622549952,-0.12427949170125623,0.005021187320896724,-0.11872043035937686,0.0035091709514439105,-0.10555536259904463,0.0010975858871103263,-0.086821391898849,-0.0013947136306343407,-0.06520333807163602,-0.002960232007397198,-0.04360931516430105,-0.0030393770448994355,-0.02475735618594666,-0.0018904283808677742,-0.01068472847020186,-0.00041755664471818864,-0.0022575739110486256,0.000452845397821981,0.0010553356229824407,0.0004178448458093444,0.0009826374408969207,2.5604335691842366e-05,-2.1268674381069597e-06
138,5.323263775645469,86598249.08552012,1.4551915228366852e-11,331.61144995524,2.68016745818021,0.2670691834318577,0.1225070122771619,0.006701882222818032,2.7495320981466347,1405.0720372109788,1.4635970089070334,5.168781661604841,563.616950025598,1.4635970089070334,5.168781661604841,563.616950025598,6.265242000720301,-2.7447807980790018e-05,3.0989557778359587e-06,0.0011859381748749855,-0.0037401663935533423,0.0033914022816304767,-0.013294999816698108,0.005500241579148229,-0.028762197583968377,0.006618930698860227,-0.04884761067751754,0.006572899661633931,-0.0711449589116014,0.005898650614261205,-0.09267907373258619,0.00534274079653009,-0.11042289388330498,0.005262179488046201,-0.12176381097859787,0.005357823076297258,-0.12497604141634923,0.004927136204917794,-0.11960852834532293,0.0034480692114965054,-0.1065778883381326,0.001055336129344712,-0.08790259912651352,-0.0014450697802512937,-0.06626041053268995,-0.0030408853670782455,-0.04456216221326876,-0.0031524697753778233,-0.02553950260933875,-0.00201529691045022,-0.011256391218605992,-0.0005230485392493201,-0.002615562258514752,0.00038901329642750966,0.0008781619895684928,0.000396074699893599,0.0009285296991658952,2.562762635972964e-05,-2.0503722624672673e-06
139,5.323263775645469,86598249.08552012,1.4551915228366852e-11,331.61144995524,2.68016745818021,0.2670691834318577,0.1225070122771619,0.006701882222818032,2.7495320981466347,1405.0720372109788,1.4635970089070334,5.168781661604841,563.616950025598,1.4635970089070334,5.168781661604841,563.616950025598,6.160928024286097,-2.743091366949292e-05,3.081881043469134e-06,0.001177707908867426,-0.0037109218942150413,0.003376942991090032,-0.013219789056641755,0.005486081224599691,-0.028653821488555265,0.0066037178819859585,-0.04874463492671546,0.006543945692473236,-0.07110208901286168,0.005839792248414531,-0.09275615458525242,0.005247413843823134,-0.11067424118709585,0.005141626976014686,-0.12222658268510304,0.005237337814638758,-0.12565877746859247,0.004831504919993073,-0.12048534495037713,0.003385833133037321,-0.10759256155280544,0.0010130654879612494,-0.08897968305748089,-0.0014942606623170273,-0.06731688579862849,-0.0031197525387769314,-0.04551731308588265,-0.003264003915778461,-0.026325814685777868,-0.0021394334361052496,-0.011832745007670387,-0.0006286386961154277,-0.002977489223465341,0.0003247394472089972,0.0006985712947328526,0.0003740345291517739,0.0008735515397774636,2.5650435942005615e-05,-1.9731184130710648e-06
140,5.323263775645469,86598249.08552012,1.4551915228366852e-11,331.61144995524,2.68016745818021,0.2670691834318577,0.1225070122771619,0.006701882222818032,2.7495320981466347,1405.0720372109788,1.4635970089070334,5.168781661604841,563.616950025598,1.4635970089070334,5.168781661604841,563.616950025598,6.058494861268749,-2.741309116208725e-05,3.063984464651118e-06,0.0011692925991364542,-0.0036810864425404336,0.003362060252261628,-0.01314250303570331,0.005471513695481958,-0.028541051567110204,0.00658850069110689,-0.04863442515518998,0.006515571995856031,-0.07104905913807165,0.005781851145754984,-0.09282051474285136,0.005152747010485535,-0.1109111314571523,0.0050209093564531175,-0.12267442981602363,0.005115746551567575,-0.12632764697746804,0.00473432491253761,-0.12135075864346978,0.003322455748966255,-0.10859921870044321,0.0009707466938526871,-0.09005246473720882,-0.0015423064343566045,-0.06837259245775158,-0.00319682690089395,-0.046474620407041735,-0.0033739455355750337,-0.02711618657026888,-0.002262793579540035,-0.012413730656850792,-0.000734292611431063,-0.0033433333001377345,0.00026003965997209867,0.0005165656547649487,0.0003517271458830189,0.0008177012367181983,2.5672710052208854e-05,-1.8951097446744926e-06
141,5.323263775645469,86598249.08552012,1.4551915228366852e-11,331.61144995524,2.68016745818021,0.2670691834318577,0.1225070122771619,0.006701882222818032,2.7495320981466347,1405.0720372109788,1.4635970089070334,5.168781661604841,563.616950025598,1.4635970089070334,5.168781661604841,563.616950025598,5.957994245095839,-2.7394292282441274e-05,3.045292216439545e-06,0.0011606994786003356,-0.003650690028844147,0.003346763993286256,-0.013063223389841573,0.00545654352889997,-0.028424019129361332,0.006573280121660711,-0.048517142211287036,0.006487789869077613,-0.07098603081617674,0.005724864432309726,-0.09287228468924208,0.005058806291137376,-0.11113363537644995,0.004900105334205171,-0.12310734125115137,0.004993112818796112,-0.126982557898926,0.004635622824346548,-0.12220461573286166,0.0032579260742594328,-0.109597675346084,0.0009283515462348216,-0.0911207578164322,-0.0015892244810596467,-0.06942736370131167,-0.003272096922545886,-0.047433955204080266,-0.0034822564429272014,-0.027910536317283324,-0.002385331507375663,-0.01299931395488578,-0.0008399772226948753,-0.0037130935173633264,0.0001949272593044343,0.00033213456585643434,0.00032915394412270715,0.0007609724816276801,2.5694388131684255e-05,-1.816345850768414e-06
142,5.323263775645469,86598249.08552012,1.4551915228366852e-11,331.61144995524,2.68016745818021,0.2670691834318577,0.1225070122771619,0.006701882222818032,2.7495320981466347,1405.0720372109788,1.4635970089070334,5.168781661604841,563.616950025598,1.4635970089070334,5.168781661604841,563.616950025598,5.859469258597313,-2.7374469646543588e-05,3.025837282292477e-06,0.0011519374545983223,-0.0036197679780846015,0.003331067728186748,-0.012982049084034561,0.005441178573440787,-0.02830288980862524,0.006558057311898504,-0.048392999836994986,0.0064606064388396025,-0.07091323685720058,0.005668862674345544,-0.09291168099380695,0.004965652815124857,-0.11134191742319867,0.004779294113558287,-0.12352540275727154,0.004869506588326616,-0.1276235065168557,0.004535434382243241,-0.12304683618717761,0.003192239587780693,-0.11058780189458546,0.0008858516286765296,-0.09218441122831349,-0.0016350395690965806,-0.07048104936243749,-0.0033455623959042814,-0.04839518747687105,-0.0035889088473172624,-0.028708771006372893,-0.002507007335992715,-0.013589445116185228,-0.0009456606792250971,-0.004086754845673603,0.00012941673252585097,0.00014527633402836054,0.0003063172512944117,0.0007033621385640761,2.571540822924769e-05,-1.7368286953548342e-06
143,5.323263775645469,86598249.08552012,1.4551915228366852e-11,331.61144995524,2.68016745818021,0.2670691834318577,0.1225070122771619,0.006701882222818032,2.7495320981466347,1405.0720372109788,1.4635970089070334,5.168781661604841,563.616950025598,1.4635970089070334,5.168781661604841,563.616950025598,5.762970595315437,-2.7353567994421733e-05,3.0056531530370828e-06,0.0011430157185027708,-0.0035883565625397097,0.003314985318592278,-0.012899080658763731,0.005425426880277629,-0.028177829509127124,0.006542833701578804,-0.04826220945688902,0.006434029705223383,-0.07083090023153561,0.005613877874137904,-0.0929389027234594,0.004873348924648713,-0.11153611932896096,0.004658554746574374,-0.123928673565289,0.004744995680210752,-0.12825046323924127,0.004433791835281404,-0.12387731863084248,0.0031253887350257,-0.11156945537505653,0.000843217766131375,-0.09324327126236413,-0.0016797743681339324,-0.07153350842953952,-0.003417219350293592,-0.04935820603270688,-0.003693871773979985,-0.029510821336928908,-0.0026277803581057626,-0.014184098344341046,-0.0010513127261657644,-0.00446432175477727,6.352016682453781e-05,-4.4022682019267315e-05,0.0002832180515774308,0.0006448627333787895,2.5735701468512085e-05,-1.6565560989760726e-06
144,5.323263775645469,86598249.08552012,1.4551915228366852e-11,331.61144995524,2.68016745818021,0.2670691834318577,0.1225070122771619,0.006701882222818032,2.7495320981466347,1405.0720372109788,1.4635970089070334,5.168781661604841,563.616950025598,1.4635970089070334,5.168781661604841,563.616950025598,5.668546698063534,-2.7331528723947287e-05,2.9847781572017015e-06,0.0011339447356389111,-0.0035564960795808876,0.003298533276592679,-0.012814431018190863,0.005409299001458726,-0.02804902730303627,0.006527611275989698,-0.04812501501245054,0.0064080655994566355,-0.07073928768168357,0.005559938528293675,-0.09295420018319225,0.004781954298572016,-0.11171643635079306,0.004537966353581531,-0.12431726436167989,0.004619650974310494,-0.12886344576729422,0.004330731727135028,-0.12469600152116299,0.0030573689535985916,-0.11254252520976692,0.0008004206169935405,-0.09429720751347212,-0.0017234550439728076,-0.07258461594605149,-0.003487069216917046,-0.050322909269146086,-0.0037971194982271026,-0.03031662321247262,-0.0027476134642188984,-0.014783249873250297,-0.0011569047999056455,-0.0048457992925869855,-2.75082758658642e-06,-0.0002357762710393542,0.0002598572685608336,0.0005854667366165468,2.5755194645771316e-05,-1.5755253444164793e-06
145,5.323263775645469,86598249.08552012,1.4551915228366852e-11,331.61144995524,2.68016745818021,0.2670691834318577,0.1225070122771619,0.006701882222818032,2.7495320981466347,1405.0720372109788,1.4635970089070334,5.168781661604841,563.616950025598,1.4635970089070334,5.168781661604841,563.616950025598,5.576245503047544,-2.730828869164955e-05,2.963255029197024e-06,0.0011247361662134355,-0.0035242305612839375,0.0032817306001908506,-0.012728224291082012,0.005392807915772594,-0.027916692804683233,0.006512392772434833,-0.04798169124463147,0.006382718602771393,-0.07063870238565546,0.005507070377066783,-0.09295786412398237,0.004691526347280356,-0.11188310640977701,0.004417607806498409,-0.12469132915129667,0.00449354531108307,-0.12946251117387536,0.00422629360633422,-0.12550285742416756,0.00298817784871163,-0.11350692814246238,0.0007574308594827127,-0.09534611290440101,-0.0017661100774237915,-0.07363426472974093,-0.003555117216544582,-0.05128921062630822,-0.0038986302643659594,-0.031126123218074956,-0.0028664726952243843,-0.015386883551537148,-0.0012624103346255057,-0.005231197530793998,-6.9385672381521e-05,-0.00043000105114657553,0.00023623545851526862,0.0005251656093749081,2.5773809358964118e-05,-1.4937322719325954e-06
146,5.323263775645469,86598249.08552012,1.4551915228366852e-11,331.61144995524,2.68016745818021,0.2670691834318577,0.1225070122771619,0.006701882222818032,2.7495320981466347,1405.0720372109788,1.4635970089070334,5.168781661604841,563.616950025598,1.4635970089070334,5.168781661604841,563.616950025598,5.486121654387116,-2.7283775311330503e-05,2.9411293999076785e-06,0.0011154025889854818,-0.0034916070046335295,0.003264597985279178,-0.012640592346831838,0.005375968234565312,-0.02778104742217527,0.0064971820096585715,-0.047832525788275425,0.006357993915416482,-0.07052945930352073,0.005455300025503752,-0.09295019317526126,0.004602123582980535,-0.1120363704043832,0.004297558769776466,-0.12505101943408567,0.004366751370941717,-0.13004771123329398,0.0041205157677935795,-0.1262978545504226,0.0029178115199822636,-0.11446258145499337,0.0007142186201673843,-0.09638988741889967,-0.001807766874010271,-0.07468236315654209,-0.00362136640849715,-0.0522570439791718,-0.003998380562392146,-0.031939292652817926,-0.002984324074753873,-0.01599500724430677,-0.001367804591274507,-0.00562054576821259,-0.0001363761581218603,-0.0006267253771695424,0.000212351870569819,0.0004639465411684239,2.579145805892209e-05,-1.4111684539759373e-06
147,5.323263775645469,86598249.08552012,1.4551915228366852e-11,331.61144995524,2.68016745818021,0.2670691834318577,0.1225070122771619,0.006701882222818032,2.7495320981466347,1405.0720372109788,1.4635970089070334,5.168781661604841,563.616950025598,1.4635970089070334,5.168781661604841,563.616950025598,5.398221918383876,-2.7257914526415995e-05,2.9184544111417565e-06,0.0011059585000660693,-0.003458678244326144,0.0032471604033266588,-0.012551685757408972,0.005358798970017996,-0.027642349176103535,0.006481984128999452,-0.04767786255986647,0.006333893377016699,-0.07041194812629761,0.005404647465098988,-0.09293157598371135,0.004513798561246367,-0.11217656785063566,0.004177897601191122,-0.12539658762621067,0.00423934645997628,-0.13061919301128763,0.004013444603067968,-0.1270810434236595,0.0028462728022423584,-0.1154094672736549,0.0006707552017838332,-0.0974284772971082,-0.001848458432257244,-0.0757288481988175,-0.003685829924105679,-0.05322635745780609,-0.004096357208193597,-0.03275610476544802,-0.0031011406710299712,-0.016607624061073894,-0.0014730656512735975,-0.006013866906321865,-0.00020371421252409248,-0.0008259730503171878,0.00018820614371595304,0.00040179844571763704,2.5808049861070582e-05,-1.3278261320966856e-06
148,5.323263775645469,86598249.08552012,1.4551915228366852e-11,331.61144995524,2.68016745818021,0.2670691834318577,0.1225070122771619,0.006701882222818032,2.7495320981466347,1405.0720372109788,1.4635970089070334,5.168781661604841,563.616950025598,1.4635970089070334,5.168781661604841,563.616950025598,5.31260370556179,-2.7230618966887156e-05,2.8952865345600414e-06,0.0010964195080445187,-0.003425500725805421,0.003229444844557873,-0.012461664129130927,0.005341321175285265,-0.027500868965932693,0.006466806046604487,-0.04751805841102877,0.0063104208127661675,-0.07028656780903217,0.005355135333641467,-0.09290240163474861,0.004426606659102166,-0.11230403158230885,0.004058704306656033,-0.1257282724380991,0.004111407250212876,-0.13117708770231384,0.003905123859442614,-0.1278524607231283,0.0027735617381278175,-0.11634756231369474,0.0006270113239708212,-0.09846183416958962,-0.0018882150111492677,-0.07677367524073948,-0.003748515969787567,-0.05419712778495856,-0.004192542682408233,-0.03357656781384945,-0.003216894266367857,-0.017224771957690798,-0.001578173644569437,-0.006411212049500028,-0.0002713950491841869,-0.0010277851616786726,0.000163796019255271,0.0003387039413363759,2.5823481112057318e-05,-1.2436913821611325e-06
149,5.323263775645469,86598249.08552012,1.4551915228366852e-11,331.61144995524,2.68016745818021,0.2670691834318577,0.1225070122771619,0.006701882222818032,2.7495320981466347,1405.0720372109788,1.4635970089070334,5.168781661604841,563.616950025598,1.4635970089070334,5.168781661604841,563.616950025598,5.229318611328263,-2.7201797189777782e-05,2.871690297211377e-06,0.0010868033369708578,-0.0033921373097107917,0.0032114830008705443,-0.012370707165274409,0.0053235609150213935,-0.02735691618155969,0.006451656763411296,-0.04735352868369414,0.00628757756790821,-0.07015379199459591,0.0053067805350288325,-0.0928631487998061,0.004340597895473083,-0.11241919079144037,0.00394005758917744,-0.1260464103821375,0.003983014453476198,-0.13172161756991646,0.003795604541886959,-0.12861222349881668,0.002699684663339286,-0.11727690758357572,0.0005829593031303838,-0.0994899593225457,-0.0019270711543390466,-0.07781683315460007,-0.0038094411474080283,-0.05516935225698055,-0.004286928519765856,-0.03440070054426328,-0.0033315633482963766,-0.017846492324674796,-0.0016831120410803677,-0.006812632324043213,-0.00033941480081603665,-0.0012322020904623411,0.00013911919833887825,0.00027464599742824694,2.583764238247153e-05,-1.1587495600381834e-06
150,5.323263775645469,86598249.08552012,1.4551915228366852e-11,331.61144995524,2.68016745818021,0.2670691834318577,0.1225070122771619,0.006701882222818032,2.7495320981466347,1405.0720372109788,1.4635970089070334,5.168781661604841,563.616950025598,1.4635970089070334,5.168781661604841,563.616950025598,5.1484235121292,-2.7171345799350927e-05,2.847736572791091e-06,0.0010771295620488524,-0.003358656637556876,0.0031933103663155044,-0.012279010953733238,0.005305548308266184,-0.02721082826769864,0.006436547901884237,-0.047184725449667654,0.006265365750632559,-0.07001413768736005,0.005259599743967318,-0.09281433965431117,0.004255822295715272,-0.11252251583977481,0.003822037046665533,-0.12635137438184768,0.0038542503061337915,-0.1322530365620769,0.003684939141495984,-0.129360475914071,0.002624648898416118,-0.11819756996954081,0.0005385720518715815,-0.10051288070180396,-0.0019650609161526306,-0.07885834124842563,-0.0038686217781815496,-0.05614306043588902,-0.004379506776376729,-0.035228552919610544,-0.0034451282494064733,-0.018472854370144298,-0.001787867244086037,-0.007218200103663663,-0.0004077724417134656,-0.001439276890384597,0.00011417194655618771,0.00020960301454466863,2.585041181569949e-05,-1.0729810500649609e-06
151,5.323263775645469,86598249.08552012,1.4551915228366852e-11,331.61144995524,2.68016745818021,0.2670691834318577,0.1225070122771619,0.006701882222818032,2.7495320981466347,1405.0720372109788,1.4635970089070334,5.168781661604841,563.616950025598,1.4635970089070334,5.168781661604841,563.616950025598,5.069978991085579,-2.713914918022144e-05,2.8235042780849085e-06,0.0010674200454484216,-0.0033251344573481754,0.0031749672349080447,-0.012186792208615606,0.005287318655521471,-0.027062979032875644,0.006421494266993378,-0.047012151619473794,0.006243787859826798,-0.06986818135321703,0.005213608352111251,-0.09275656037629222,0.004172328934670523,-0.11261453959358875,0.0037047231061581825,-0.12664359661415542,0.003725199722603453,-0.13277165159729085,0.003573183494312426,-0.13009740863424454,0.0025484643757535215,-0.11910965858500008,0.0004938236010884367,-0.10153066443801065,-0.002002218711819412,-0.07989825349581799,-0.003926075668671938,-0.05711831526119978,-0.004470271870125083,-0.03606020618035234,-0.0035575723709190634,-0.019103953773300444,-0.0018924290119028278,-0.007628007367763715,-0.00047646972509025567,-0.0016490741529656093,8.894920602890886e-05,0.0001435492538937813,2.5861654377877655e-05,-9.863614686135604e-07
152,5.323263775645469,86598249.08552012,1.4551915228366852e-11,331.61144995524,2.68016745818021,0.2670691834318577,0.1225070122771619,0.006701882222818032,2.7495320981466347,1405.0720372109788,1.4635970089070334,5.168781661604841,563.616950025598,1.4635970089070334,5.168781661604841,563.616950025598,4.994042071064702,-2.7105083700629644e-05,2.7990819783681524e-06,0.001057699266938244,-0.0032916543940158145,0.003156499729347481,-0.012094291747451238,0.005268913741658544,-0.026913787408612954,0.006406514229750119,-0.046836376451775144,0.006222845142056701,-0.06971658412051085,0.0051688168721728345,-0.09269049379640483,0.00409016191524198,-0.11269590035583185,0.0035881947803943883,-0.12692361350770381,0.003595951215446849,-0.13327786713727305,0.0034604003660611412,-0.13082329865770467,0.0024711475719114053,-0.12001335366132303,0.00044869068495239186,-0.1025434343309004,-0.002038581450613429,-0.08093667020364245,-0.003981827183234701,-0.05809521380364938,-0.004559226160984961,-0.03689576485076458,-0.003668885870366199,-0.019739901164840264,-0.0019967914158848426,-0.008042154860892194,-0.0005455104571542421,-0.001861662890629855,6.344529584279006e-05,7.645750696812196e-05,2.587122530731335e-05,-8.98863763215482e-07
153,5.323263775645469,86598249.08552012,1.4551915228366852e-11,331.61144995524,2.68016745818021,0.2670691834318577,0.1225070122771619,0.006701882222818032,2.7495320981466347,1405.0720372109788,1.4635970089070334,5.168781661604841,563.616950025598,1.4635970089070334,5.168781661604841,563.616950025598,4.9206836672309215,-2.7069003220922004e-05,2.7745679361595393e-06,0.0010479946281268546,-0.0032583094142138898,0.0031379597854158617,-0.012001776041420793,0.0052503816045893015,-0.026763714497595886,0.006391630942874133,-0.046658022732602895,0.006202542231004834,-0.06956006451293424,0.005125239119721724,-0.0926168764414169,0.004009369393405873,-0.11276727912535332,0.0034725352563610683,-0.12719199331806808,0.0034665960967057256,-0.1337721117590842,0.0033466531750756603,-0.13153844297706924,0.0023927144657927115,-0.12090885821027514,0.0004031505893085887,-0.10355134421095719,-0.0020741828971090883,-0.08197373113853512,-0.0040358956256775266,-0.05907390198526824,-0.004646367775114099,-0.03773538755012675,-0.0037790582580448126,-0.02038085864102541,-0.0021009518593387852,-0.00846078418812883,-0.0006149031666851158,-0.002077137025199374,3.765183330178895e-05,8.291496826585591e-06,2.5878956699268873e-05,-8.104516026787734e-07
154,5.323263775645469,86598249.08552012,1.4551915228366852e-11,331.61144995524,2.68016745818021,0.2670691834318577,0.1225070122771619,0.006701882222818032,2.7495320981466347,1405.0720372109788,1.4635970089070334,5.168781661604841,563.616950025598,1.4635970089070334,5.168781661604841,563.616950025598,4.849966191505828,-2.7030755008329636e-05,2.7500726148504644e-06,0.001038336783648356,-0.0032252020991723673,0.0031194068236146903,-0.011909541682957145,0.005231778860272869,-0.026613279260159845,0.006376872314375597,-0.04647780095345084,0.006182881711411817,-0.06939945459992387,0.005082881317649666,-0.09253657953867234,0.003929991313564973,-0.11282950453484365,0.003357824525602415,-0.12744945541265926,0.003337230252391629,-0.13425495684193237,0.003232015629963802,-0.13224326477710108,0.002313191411107755,-0.12179647964345873,0.00035718533452464316,-0.10455462993684038,-0.0021090603193463526,-0.08300963571802124,-0.004088310416122663,-0.06005456529097883,-0.004731707095592058,-0.03857925522020038,-0.0038880889642650047,-0.02102699855733926,-0.0022049132689193293,-0.00888404037121904,-0.0006846582884392512,-0.002295591129599301,1.1560155769656173e-05,-6.0985071663963344e-05,2.588467154749767e-05,-7.210868892639473e-07
155,5.323263775645469,86598249.08552012,1.4551915228366852e-11,331.61144995524,2.68016745818021,0.2670691834318577,0.1225070122771619,0.006701882222818032,2.7495320981466347,1405.0720372109788,1.4635970089070334,5.168781661604841,563.616950025598,1.4635970089070334,5.168781661604841,563.616950025598,4.781966566865156,-2.6990159899743085e-05,2.7257196592351197e-06,0.001028760289861853,-0.003192447394388387,0.0031009082187335663,-0.011817919902657327,0.005213170840991658,-0.026463059117811424,0.0063622727658455445,-0.046296498245440056,0.006163870067122114,-0.06923567283455351,0.005041752646250058,-0.09245055903608951,0.0038520713900807393,-0.11288348127726741,0.0032441473343925195,-0.12769678311836605,0.003207954031709432,-0.1347270249468572,0.003116564381516223,-0.1329382315809011,0.0022326063822692217,-0.12267656843211222,0.0003107787941173948,-0.10555357234114857,-0.0021432475430617137,-0.08404463553517043,-0.004139096385576877,-0.06103744870472349,-0.004815251134674753,-0.03942761143453066,-0.003995977706514243,-0.021678551186613052,-0.0023086827441697426,-0.00931211380535754,-0.0007547916007264851,-0.002517147289876638,-1.4841389989537921e-05,-0.0001314184950950562,2.588816505786975e-05,-6.307210544652356e-07
156,5.323263775645469,86598249.08552012,1.4551915228366852e-11,331.61144995524,2.68016745818021,0.2670691834318577,0.1225070122771619,0.006701882222818032,2.7495320981466347,1405.0720372109788,1.4635970089070334,5.168781661604841,563.616950025598,1.4635970089070334,5.168781661604841,563.616950025598,4.716763447604341,-2.6947020784738098e-05,2.7016479708364584e-06,0.0010193039792599189,-0.0031601733152710715,0.0030825406927823588,-0.011727280763669084,0.005194633478943262,-0.02631370198791486,0.00634787368243899,-0.0461150025977862,0.006145514757262389,-0.0690697613758851,0.005001858932654483,-0.09235990887453943,0.00377564986288237,-0.11293025630400687,0.0031315888355839894,-0.12793489625883583,0.0030788734107793547,-0.13518906610574535,0.0030003849953456866,-0.13362392160929593,0.002150995826337852,-0.12354956814148448,0.00026391967701050434,-0.10654853233285386,-0.002176778380610288,-0.08507905019425299,-0.004188282373777921,-0.062022853227719825,-0.004897013079474139,-0.04028074525103287,-0.004102730746270329,-0.02233578220335103,-0.0024122729893382056,-0.009745219530921488,-0.000825322726983148,-0.0027419415923398516,-4.1566108138864645e-05,-0.00020306002289409788,2.5889211885525434e-05,-5.392991790880438e-07
157,5.323263775645469,86598249.08552012,1.4551915228366852e-11,331.61144995524,2.68016745818021,0.2670691834318577,0.1225070122771619,0.006701882222818032,2.7495320981466347,1405.0720372109788,1.4635970089070334,5.168781661604841,563.616950025598,1.4635970089070334,5.168781661604841,563.616950025598,4.654441248327361,-2.6901117858178602e-05,2.6780133331252732e-06,0.0010100114863695075,-0.0031285226718968666,0.003064391328523832,-0.011638037708207922,0.005176254464947034,-0.026165933311791036,0.006333724521970866,-0.04593431097624516,0.0061278254744505795,-0.06890289455240145,0.004963204171756949,-0.09226586652263823,0.0037007651935019627,-0.11297102177600146,0.0030202359703298954,-0.12816485412811335,0.0029501006233520533,-0.1356419538221055,0.0028835718572949635,-0.13430102058970758,0.0020684044384264673,-0.12441601537646203,0.00021660198856897854,-0.10753995046231819,-0.0022096850376599163,-0.08611326914254637,-0.00423589878411744,-0.06301114334818081,-0.004977009970982725,-0.041139001401785474,-0.0042083596104887004,-0.0229990024009288,-0.002515702364874645,-0.010183605360784675,-0.0008962758815928686,-0.002970129246459384,-6.862947894966804e-05,-0.0002759677554708855,2.588756122527811e-05,-4.4675821551182204e-07
158,5.323263775645469,86598249.08552012,1.4551915228366852e-11,331.61144995524,2.68016745818021,0.2670691834318577,0.1225070122771619,0.006701882222818032,2.7495320981466347,1405.0720372109788,1.4635970089070334,5.168781661604841,563.616950025598,1.4635970089070334,5.168781661604841,563.616950025598,4.595100938857766,-2.685219589060632e-05,2.6549928250841427e-06,0.0010009326354268155,-0.0030976577971773265,0.0030465601046073786,-0.011550660008290449,0.005158135808435619,-0.02602057535183175,0.006319885092693139,-0.0457555516104027,0.006110816818501948,-0.06873639955373076,0.0049257945370823055,-0.09216982884990232,0.0036274591986489866,-0.11300712105414824,0.002910182274670494,-0.12838785017521462,0.0028217568429199785,-0.13608667663575932,0.0027662281530357407,-0.1349703113802923,0.001984883775060085,-0.12527653057753904,0.0001688247108072252,-0.10852834642631187,-0.0022419955659172654,-0.08714776100935999,-0.004281972419072053,-0.06400276319945904,-0.0050552571093020185,-0.042002801192871746,-0.004312877698410865,-0.023668592074754302,-0.0026189947355070415,-0.01062757277704669,-0.0009676816428969827,-0.003201897905566453,-9.605049623224328e-05,-0.00035021161801292367,2.5882923605509233e-05,-3.5302238857315215e-07
159,5.323263775645469,86598249.08552012,1.4551915228366852e-11,331.61144995524,2.68016745818021,0.2670691834318577,0.1225070122771619,0.006701882222818032,2.7495320981466347,1405.0720372109788,1.4635970089070334,5.168781661604841,563.616950025598,1.4635970089070334,5.168781661604841,563.616950025598,4.538842310046796,-2.6799980525467405e-05,2.6327834275609172e-06,0.0009921228091428174,-0.0030677578295478345,0.003029159439974219,-0.011465667591228315,0.005140393999092654,-0.02587854385335601,0.006306424869995425,-0.04557998932972444,0.006094504462272781,-0.06857177393499042,0.004889630376748756,-0.09207338544049959,0.0035557670004013418,-0.11304010157794477,0.0028015202323473597,-0.12860527757791948,0.002693970879939328,-0.13652440887143982,0.0026484711808807218,-0.13563273829877945,0.0019005000672536797,-0.12613186827455858,0.00012059614323196865,-0.10951434606512657,-0.0022737368641459694,-0.08818307627218537,-0.004326535977997344,-0.06499821888320939,-0.005131779119646495,-0.042872613617337456,-0.004416307436821201,-0.024344963322662182,-0.0027221804989253765,-0.011077443591688847,-0.0010395742745386907,-0.0034374462452260056,-0.00012384952722123072,-0.000425865388211689,2.5874986299040724e-05,-2.5801021578466793e-07
160,5.323263775645469,86598249.08552012,1.4551915228366852e-11,331.61144995524,2.68016745818021,0.2670691834318577,0.1225070122771619,0.006701882222818032,2.7495320981466347,1405.0720372109788,1.4635970089070334,5.168781661604841,563.616950025598,1.4635970089070334,5.168781661604841,563.616950025598,4.485791434453465,-2.6744147879508176e-05,2.6116111419013e-06,0.000983645887736226,-0.0030390289683382057,0.0030123192723689176,-0.011383657348660831,0.005123164851764915,-0.025740887156956535,0.006293427475405852,-0.04540906723761875,0.006078911539639703,-0.0684107207960934,0.004854716712361825,-0.09197833731442268,0.0034857306705451813,-0.11307170700765869,0.002694353635112579,-0.128818701904421,0.0025668852960433574,-0.13695646562922834,0.00253043083822223,-0.13628936042359666,0.0018153289803685972,-0.12698288055745688,7.193175586003461e-05,-0.1104986662975152,-0.002304928768523136,-0.08921985951498672,-0.004369614656873897,-0.06599811441741658,-0.0052065950204407945,-0.04374900401711704,-0.004518670812983068,-0.025028618456343143,-0.0028252955621862557,-0.011533610786381097,-0.001111995848429771,-0.003677016615889695,-0.00015205156458808518,-0.0005030189242591697,2.5863382179033523e-05,-1.6162343647689174e-07
161,5.323263775645469,86598249.08552012,1.4551915228366852e-11,331.61144995524,2.68016745818021,0.2670691834318577,0.1225070122771619,0.006701882222818032,2.7495320981466347,1405.0720372109788,1.4635970089070334,5.168781661604841,563.616950025598,1.4635970089070334,5.168781661604841,563.616950025598,4.436080036929544,-2.6684345734112035e-05,2.5917278153628425e-06,0.0009755730910518948,-0.003011700002691524,0.0029961856379245007,-0.011305293269137326,0.005106602737966119,-0.02560877544620904,0.00628098926906257,-0.04524440293345344,0.006064064006454818,-0.06825515903948882,0.004821053997054527,-0.09188672409334578,0.0034173874646671867,-0.11310392628561386,0.0025887883055314993,-0.1290299229766317,0.002440654307372236,-0.13738437339815765,0.002412255316970615,-0.13694141613645094,0.001729464568319431,-0.1278305640301284,2.2859492436413186e-05,-0.1114821383960693,-0.0023355870235648676,-0.0902588423053428,-0.0044112365849535975,-0.06700312275748133,-0.0052797303893824385,-0.04463259185586621,-0.004619996918306034,-0.02572009997735644,-0.002928381744800288,-0.011996495288658378,-0.0011849925045957631,-0.003920867606897354,-0.0001806834515782703,-0.0005817680159250797,2.5847710026220214e-05,-6.375626238181937e-08
162,5.323263775645469,86598249.08552012,1.4551915228366852e-11,331.61144995524,2.68016745818021,0.2670691834318577,0.1225070122771619,0.006701882222818032,2.7495320981466347,1405.0720372109788,1.4635970089070334,5.168781661604841,563.616950025598,1.4635970089070334,5.168781661604841,563.616950025598,4.3898648181103885,-2.662017146383302e-05,2.573419520535859e-06,0.0009679856006950324,-0.0029860312975417006,0.002980925448740256,-0.011231330373676221,0.005090885309106137,-0.02548353840572943,0.006269223209031588,-0.04508783309650958,0.006049994905898321,-0.0681072649917268,0.004788644619974812,-0.0918008575824909,0.003350778741853354,-0.11313901176301078,0.0024849411980228395,-0.12924097616013538,0.002315449904221783,-0.13780985753355665,0.0022941127815600993,-0.1375903038293016,0.0016430182161492812,-0.12867604350978684,-2.658016607996701e-05,-0.11246569986127367,-0.0023657188934501304,-0.09130085281846123,-0.004451424020070908,-0.0680140056948495,-0.005351207525516846,-0.04552408167967658,-0.00472031539218538,-0.02642002632701486,-0.003031485588646701,-0.012466577678369681,-0.0012586167747745023,-0.0041692947348884275,-0.00020977589926427252,-0.0006622222385647231,2.5827511071809257e-05,3.571161428595197e-08
163,5.323263775645469,86598249.08552012,1.4551915228366852e-11,331.61144995524,2.68016745818021,0.2670691834318577,0.1225070122771619,0.006701882222818032,2.7495320981466347,1405.0720372109788,1.4635970089070334,5.168781661604841,563.616950025598,1.4635970089070334,5.168781661604841,563.616950025598,4.347327971957229,-2.655117097216696e-05,2.5570099151762395e-06,0.000960975525385643,-0.0029623178732699085,0.0029667286154034206,-0.011162624093451033,0.005076215897600996,-0.02536668279916492,0.006258260271397304,-0.04494143984186857,0.006036744126350085,-0.06796950669779799,0.004757491462477177,-0.09172335912860256,0.0032859487400655157,-0.11317951687663934,0.0023829409796669145,-0.12945417063900225,0.0021914649723102156,-0.13823487389461417,0.002176196341044904,-0.1382376056990934,0.0015561237114577813,-0.12952058543458753,-7.63307539208735e-05,-0.113450397687634,-0.0023953219965963195,-0.09234680855682645,-0.004490193794969892,-0.06903160641541613,-0.005421046058476994,-0.04642425125627023,-0.004819656177830004,-0.027129080999867876,-0.0031346572384040577,-0.012944390025902773,-0.0013329263973461682,-0.004422625895949952,-0.00023936294701357597,-0.0007445034659380536,2.5802266335103522e-05,1.3691336333838773e-07
164,5.323263775645469,86598249.08552012,1.4551915228366852e-11,331.61144995524,2.68016745818021,0.2670691834318577,0.1225070122771619,0.006701882222818032,2.7495320981466347,1405.0720372109788,1.4635970089070334,5.168781661604841,563.616950025598,1.4635970089070334,5.168781661604841,563.616950025598,4.308670689741126,-2.6476850650696945e-05,2.5428569692737546e-06,0.0009546449394870652,-0.002940886224106346,0.0029538063539088968,-0.011100122135820255,0.005062821900083474,-0.025259880482487125,0.006248248005347906,-0.04480753781902079,0.006024356276681791,-0.06784463315153733,0.0047275943670675264,-0.09165715526448596,0.003222940176264397,-0.11322829803505828,0.0022829246544771795,-0.1296720924231763,0.00206891297957303,-0.13866161422355247,0.002058727276438294,-0.13888508890646314,0.001468942241244439,-0.13036559148511642,-0.0001263159852110215,-0.11443737319362043,-0.002424383627746538,-0.09339769105177287,-0.004527559398476196,-0.07005681108784009,-0.005489265388591952,-0.047333911565874305,-0.00491804972334862,-0.027847974605642294,-0.003237947841170842,-0.013430486168398247,-0.0014079808183131786,-0.004681203627123907,-0.0002694800366536569,-0.000828739564106661,2.5771407815143286e-05,2.399883475131677e-07
165,5.323263775645469,86598249.08552012,1.4551915228366852e-11,331.61144995524,2.68016745818021,0.2670691834318577,0.1225070122771619,0.006701882222818032,2.7495320981466347,1405.0720372109788,1.4635970089070334,5.168781661604841,563.616950025598,1.4635970089070334,5.168781661604841,563.616950025598,4.2741442091141435,-2.6396639473657887e-05,2.5313711026253314e-06,0.0009491113837254145,-0.0029221129436933398,0.0029424015608003583,-0.011044915649959521,0.005050965148126884,-0.025165052558375162,0.006239357838595296,-0.04468878088224228,0.0060128864726650445,-0.06773578778137021,0.004698958328389896,-0.09160558022641455,0.0031618071881645104,-0.1132885951412019,0.0021850534808092095,-0.1298976582677043,0.0019480421253520066,-0.13909252980724043,0.0019419635716484227,-0.1395347097399586,0.0013816656117591837,-0.13121259242524622,-0.00017643752255534577,-0.11542785726872079,-0.0024528746199821705,-0.09445455429879376,-0.004563519477415546,-0.07109057707936156,-0.005555871174587116,-0.048253948535281775,-0.005015517270476281,-0.02857749347454551,-0.0033414070546801196,-0.013925485940916698,-0.0014838439914777412,-0.004945414648902423,-0.0003001668074552243,-0.000915075828291347,2.5734276616757065e-05,3.450921588862575e-07
166,5.323263775645469,86598249.08552012,1.4551915228366852e-11,331.61144995524,2.68016745818021,0.2670691834318577,0.1225070122771619,0.006701882222818032,2.7495320981466347,1405.0720372109788,1.4635970089070334,5.168781661604841,563.616950025598,1.4635970089070334,5.168781661604841,563.616950025598,4.244017599534495,-2.6309942721779053e-05,2.5229926841990692e-06,0.0009445012230654238,-0.0029064029231869225,0.0029327760616813386,-0.010998179676187493,0.005040928731201479,-0.025084272314891326,0.006231774982922212,-0.04458804029890979,0.006002391359095389,-0.06764638145569762,0.0046715814595525125,-0.09157226126092877,0.0031025988747867364,-0.11336394127889017,0.0020894961347205513,-0.1301340510176592,0.0018291248817859955,-0.13953029103120934,0.0018261995183331567,-0.1401885797079345,0.0012945227860710834,-0.13206320739553692,-0.0002265695475650626,-0.1164231097382132,-0.00248075181383283,-0.09551843528027008,-0.004598068265947808,-0.0721338171638922,-0.005620866808135357,-0.04918519352520589,-0.005112074850574584,-0.029318375170631513,-0.003445076862922585,-0.014429975396353696,-0.0015605737072362073,-0.005215628837765227,-0.000331460665117831,-0.0010036528033947137,2.5690178001310628e-05,4.523738918828612e-07
167,5.323263775645469,86598249.08552012,1.4551915228366852e-11,331.61144995524,2.68016745818021,0.2670691834318577,0.1225070122771619,0.006701882222818032,2.7495320981466347,1405.0720372109788,1.4635970089070334,5.168781661604841,563.616950025598,1.4635970089070334,5.168781661604841,563.616950025598,4.218619274866996,-2.6216094446534575e-05,2.5182145546000305e-06,0.000940956514924879,-0.0028942129030215436,0.0029252233452804247,-0.010961237645910712,0.0050330293771729,-0.025019870847022077,0.006225706789637791,-0.04450853814325085,0.00599293575801186,-0.06758023121082124,0.004645465227950372,-0.09156124458449003,0.0030453762310673127,-0.11345825676305357,0.001996449959754834,-0.13038477643163526,0.0017124771990272897,-0.13997780414152494,0.0017117775867007419,-0.14084895355400157,0.0012077845552888697,-0.13291911920728702,-0.0002765557640036604,-0.11742439793271954,-0.0025079501702644897,-0.09659035027185894,-0.004631180488464135,-0.07318741874379461,-0.005684235103424596,-0.05012846480935042,-0.005207719251382685,-0.03007136031926457,-0.003548986664530044,-0.014944556492989888,-0.0016382239519287657,-0.005492233436728604,-0.0003633998955031644,-0.0010946197776960135,2.563832848578988e-05,5.619873487036616e-07
168,5.323263775645469,86598249.08552012,1.4551915228366852e-11,331.61144995524,2.68016745818021,0.2670691834318577,0.1225070122771619,0.006701882222818032,2.7495320981466347,1405.0720372109788,1.4635970089070334,5.168781661604841,563.616950025598,1.4635970089070334,5.168781661604841,563.616950025598,4.198316561463578,-2.6114403708835317e-05,2.5175600115229096e-06,0.0009386286578464331,-0.0028860313615514006,0.002920055711790471,-0.010935505197479543,0.005027603413372148,-0.02497434262979866,0.006221371824043334,-0.044453724023464376,0.0059845845681943685,-0.06754142564036399,0.004620605944021773,-0.0915768616859918,0.0029902012313045186,-0.11357572969733513,0.0019061295076656778,-0.1306535608330843,0.0015984509138068056,-0.14043812506176753,0.0015990875563036406,-0.14151815257240116,0.001121767673995936,-0.13378199219061263,-0.00032620550354680125,-0.11843289933810425,-0.0025343835618604482,-0.0976711786924722,-0.004662816527586998,-0.07425211365476252,-0.005745942730729125,-0.05108443227573102,-0.005302425996930508,-0.030837071681051823,-0.003653143956883345,-0.01546975383477411,-0.0017168337214743606,-0.005775577499452771,-0.00039601761301775144,-0.0011881149464977913,2.557790308330518e-05,6.740694338545234e-07
169,5.323263775645469,86598249.08552012,1.4551915228366852e-11,331.61144995524,2.68016745818021,0.2670691834318577,0.1225070122771619,0.006701882222818032,2.7495320981466347,1405.0720372109788,1.4635970089070334,5.168781661604841,563.616950025598,1.4635970089070334,5.168781661604841,563.616950025598,4.183521438602253,-2.6004167516831397e-05,2.5215737684490522e-06,0.0009376759781630672,-0.0028823719546338406,0.002917598520091103,-0.010922470350456294,0.005024999414339911,-0.024950309016190348,0.006218993692226203,-0.04442722191058866,0.005977399489567723,-0.06753425680532224,0.004596994317902423,-0.09162365142905465,0.0029371379828629237,-0.11372073322594202,0.001818768089073559,-0.13094426539040377,0.0014874351374389151,-0.14091437085322583,0.001488567745791795,-0.1421984714333726,0.0010368361024325153,-0.13465337600867808,-0.0003752922461911005,-0.11944960592718548,-0.002559942493504895,-0.09876157062899281,-0.00469291835774761,-0.07532839124782871,-0.005805933449150766,-0.052053541863257724,-0.005396140238961429,-0.03161595214619254,-0.0037575248585338893,-0.0160059720150036,-0.0017964200498045181,-0.0060659487474218855,-0.0004293389231256332,-0.0012842577396097365,2.550804762535443e-05,7.887298419606642e-07
170,5.323263775645469,86598249.08552012,1.4551915228366852e-11,331.61144995524,2.68016745818021,0.2670691834318577,0.1225070122771619,0.006701882222818032,2.7495320981466347,1405.0720372109788,1.4635970089070334,5.168781661604841,563.616950025598,1.4635970089070334,5.168781661604841,563.616950025598,4.174704573204988,-2.5884673346248996e-05,2.5308182068550566e-06,0.0009382628810055356,-0.0028837723799563066,0.0029181873305826928,-0.01092368884358372,0.005025573598349117,-0.024950507123795963,0.0062187963520480725,-0.04443281057548466,0.005971436275210895,-0.06756319062517568,0.004574615810206051,-0.09170632037476333,0.0028862560652526187,-0.113897773204357,0.0017346229279288725,-0.13126082208058706,0.0013798616442832464,-0.14140964572829515,0.0013807093525874871,-0.14289209517813928,0.0009534038970598516,-0.1355346187753272,-0.0004235514248368432,-0.12047523344501,-0.00258449095192724,-0.0998618562415454,-0.004721403704573598,-0.07641641617744645,-0.00586411905155202,-0.05303594666181725,-0.005488765730545552,-0.03240821389630229,-0.0038620640429777964,-0.016553463087418147,-0.00187697157400515,-0.006363557290866658,-0.0004633786973409445,-0.001383143861786435,2.5427879472027724e-05,9.060430253226467e-07
171,5.323263775645469,86598249.08552012,1.4551915228366852e-11,331.61144995524,2.68016745818021,0.2670691834318577,0.1225070122771619,0.006701882222818032,2.7495320981466347,1405.0720372109788,1.4635970089070334,5.168781661604841,563.616950025598,1.4635970089070334,5.168781661604841,563.616950025598,4.172348048528929,-2.575529711844285e-05,2.5458125413205396e-06,0.0009405422039044298,-0.0028907383267978808,0.0029221314805647756,-0.010940624001687257,0.0050296497683689646,-0.024977512912673725,0.006220974997155031,-0.04447404858601719,0.005966728885332206,-0.06763243502157451,0.004553438886470907,-0.0918292985676922,0.0028376118330319,-0.11411107166120145,0.0016539460762221212,-0.1316068724052654,0.0012761715325749375,-0.14192674398098745,0.0012760285638663098,-0.14360086066035072,0.0008719178239412615,-0.1364266665107255,-0.0004706901530799918,-0.12151003855633233,-0.0026078750942745764,-0.10097186438467001,-0.004748176948524054,-0.0775158388254704,-0.005920388675250834,-0.054031315650692184,-0.005580165516522594,-0.03321366131917566,-0.003966644162593587,-0.01711218653285528,-0.001958433277179069,-0.006668449636631381,-0.000498132475706482,-0.0014848136786411196,2.5336596125711195e-05,1.0260144720210125e-06
172,5.323263775645469,86598249.08552012,1.4551915228366852e-11,331.61144995524,2.68016745818021,0.2670691834318577,0.1225070122771619,0.006701882222818032,2.7495320981466347,1405.0720372109788,1.4635970089070334,5.168781661604841,563.616950025598,1.4635970089070334,5.168781661604841,563.616950025598,4.176981350759227,-2.561546996899186e-05,2.5670434307228977e-06,0.0009446585481615587,-0.002903756527917566,0.002929718990842766,-0.010974680875407882,0.005037522210706269,-0.025033793677954923,0.006225696327417445,-0.044554335889121575,0.005963290309276029,-0.06774599518751771,0.00453342042061348,-0.0919967787744345,0.0027912596101820506,-0.11436458231140396,0.0015769983125229598,-0.13198575454181435,0.001176826439358024,-0.14246811564009368,0.0011750713731428788,-0.14432621000470205,0.0007928566660156041,-0.13733001235701353,-0.0005163884444079225,-0.12255377762153476,-0.0026299195193845606,-0.10209089781700122,-0.004773118440977495,-0.07862579251126123,-0.0059745942687466,-0.055038849506093446,-0.005670149476337562,-0.034031720435714514,-0.0040710899943428676,-0.01768184041158255,-0.0020407067237196725,-0.006980531270371221,-0.0005335782560606994,-0.0015892614057512317,2.5233439505726105e-05,1.1485869156666424e-06
173,5.323263775645469,86598249.08552012,1.4551915228366852e-11,331.61144995524,2.68016745818021,0.2670691834318577,0.1225070122771619,0.006701882222818032,2.7495320981466347,1405.0720372109788,1.4635970089070334,5.168781661604841,563.616950025598,1.4635970089070334,5.168781661604841,563.616950025598,4.189108984963336,-2.5464800627680695e-05,2.5948815864461914e-06,0.0009507238216179234,-0.0029232161705887694,0.002941166426239201,-0.01102698131958904,0.005049401291725903,-0.02512131815582699,0.00623306035591779,-0.04467638492125302,0.005961093689742804,-0.06790706526452983,0.004514492185909849,-0.09221209065081028,0.0027472258342058696,-0.11466140992233904,0.001504003573213871,-0.13240001373920582,0.0010822508883464076,-0.14303548532972007,0.001078359435896572,-0.14506891477852263,0.0007166919649037911,-0.13824450834848753,-0.0005603236335625417,-0.12360556573566096,-0.00265044538064337,-0.10321760938653401,-0.004796103928222553,-0.07974476447027158,-0.006026570620131923,-0.056057141811362496,-0.005758487199633135,-0.03486129807723764,-0.00417516807278283,-0.018261740670602683,-0.0021236402548946804,-0.007299487518112287,-0.0005696686544428051,-0.0016964045294246143,2.5117838418876142e-05,1.2736101444067735e-06
174,5.323263775645469,86598249.08552012,1.4551915228366852e-11,331.61144995524,2.68016745818021,0.2670691834318577,0.1225070122771619,0.006701882222818032,2.7495320981466347,1405.0720372109788,1.4635970089070334,5.168781661604841,563.616950025598,1.4635970089070334,5.168781661604841,563.616950025598,4.20922118118907,-2.5303058041501118e-05,2.6295776854768385e-06,0.0009588159621471923,-0.0029494059991241627,0.002956615042540039,-0.011098353006113497,0.005065407898027945,-0.025241532069987613,0.006243096003465784,-0.044842179605548475,0.005960071611628186,-0.06811796836740894,0.0044965637011015105,-0.09247763227693273,0.0027055119011310273,-0.11500373534851209,0.0014351467844451688,-0.13285133360558343,0.0009928220233036645,-0.14362980387172714,0.0009863731327782294,-0.1458290566031282,0.000643869966319888,-0.13916937610432345,-0.0006021833397833936,-0.12466392237358036,-0.00266927543269279,-0.10435007519975652,-0.0048170038557278005,-0.08087068621628425,-0.0060761342792330425,-0.05708427340343507,-0.005844910966487974,-0.03570086651647113,-0.004278593987648985,-0.018850884537202486,-0.0022070367041032114,-0.0076248201350364786,-0.0006063348028054216,-0.001806096502973635,2.4989396737171812e-05,1.40085409224119e-06
175,5.323263775645469,86598249.08552012,1.4551915228366852e-11,331.61144995524,2.68016745818021,0.2670691834318577,0.1225070122771619,0.006701882222818032,2.7495320981466347,1405.0720372109788,1.4635970089070334,5.168781661604841,563.616950025598,1.4635970089070334,5.168781661604841,563.616950025598,4.237759615321312,-2.5130205270643997e-05,2.6712271433540194e-06,0.000968968302859321,-0.0029824797197523993,0.0029761089744866085,-0.011189229425614048,0.005085550059842648,-0.02539518287937616,0.006255745687932268,-0.04505273611829377,0.005960110321070997,-0.06837988036395519,0.004479518878246018,-0.0927945833323341,0.002666082740518939,-0.1153925576424758,0.0013705479551285814,-0.13334032996536427,0.0009088312740493082,-0.14425111237019914,0.0008995099157477292,-0.14660596929723904,0.0005747767137563935,-0.14010322172114367,-0.0006416889436370479,-0.12572683781687277,-0.002686248792491296,-0.10548588760878913,-0.004835696199485792,-0.08200103279644161,-0.006123099415634156,-0.05811789823712254,-0.00592913399340778,-0.0365485254933171,-0.004381047955277727,-0.019447985362796665,-0.0022906619863131837,-0.007955861095120796,-0.000643488519431348,-0.0019181295728736064,2.484794227004855e-05,1.530015025184073e-06
176,5.323263775645469,86598249.08552012,1.4551915228366852e-11,331.61144995524,2.68016745818021,0.2670691834318577,0.1225070122771619,0.006701882222818032,2.7495320981466347,1405.0720372109788,1.4635970089070334,5.168781661604841,563.616950025598,1.4635970089070334,5.168781661604841,563.616950025598,4.275074420932575,-2.4946422127900683e-05,2.7197420712620553e-06,0.0009811608206579565,-0.0030224258362293926,0.002999578286454046,-0.011299563386934549,0.005109706399113355,-0.025582169553067056,0.006270856659767726,-0.045307898480335444,0.005961049082971042,-0.06869259484690529,0.004463215768795254,-0.09316267437273892,0.002628856482172082,-0.11582749221489563,0.0013102352475391319,-0.1338664081958366,0.0008304428176607661,-0.14489847959254135,0.00081803784021697,-0.14739826319669375,0.0005096980768687284,-0.14104413756670173,-0.0006786230618416454,-0.12679193403592356,-0.002701238635530755,-0.10662235208650533,-0.004852082826668574,-0.08313302186565882,-0.006167300021332712,-0.0591554199134953,-0.006010878403358174,-0.03740213626070434,-0.0044822013078759555,-0.020051557387994447,-0.002374261989440062,-0.008291813337935069,-0.0006810278463641324,-0.0020322464510402895,2.4693566059743833e-05,1.6607338084511866e-06
177,5.323263775645469,86598249.08552012,1.4551915228366852e-11,331.61144995524,2.68016745818021,0.2670691834318577,0.1225070122771619,0.006701882222818032,2.7495320981466347,1405.0720372109788,1.4635970089070334,5.168781661604841,563.616950025598,1.4635970089070334,5.168781661604841,563.616950025598,4.321472175496254,-2.4752003369472883e-05,2.7749054839910417e-06,0.0009953357001614336,-0.0030691180143861286,0.0030268704374075217,-0.011428969791415838,0.005137659935023123,-0.025801787706512633,0.006288204927136759,-0.04560666808347916,0.005962692717687955,-0.06905490314281378,0.004447495690772072,-0.09358057418304491,0.002593718856227989,-0.11630713943448379,0.0012541664726044364,-0.13442809198483663,0.0007577162943175555,-0.145570283002696,0.0007421118684787758,-0.14820406807784356,0.00044882715668641867,-0.14198992862139811,-0.0007128267942138402,-0.12785669077832387,-0.0027141479227478418,-0.10775672016592551,-0.004866082173014655,-0.08426385735999029,-0.006208584813517971,-0.06019423231023822,-0.0060898797772315815,-0.03825953841096732,-0.004581732229337499,-0.020660082550090875,-0.0024575814976319356,-0.008631851152979271,-0.0007188476585347855,-0.0021481766792887233,2.452651417966539e-05,1.7926345670382661e-06
178,5.323263775645469,86598249.08552012,1.4551915228366852e-11,331.61144995524,2.68016745818021,0.2670691834318577,0.1225070122771619,0.006701882222818032,2.7495320981466347,1405.0720372109788,1.4635970089070334,5.168781661604841,563.616950025598,1.4635970089070334,5.168781661604841,563.616950025598,4.377133739445354,-2.454740945625747e-05,2.8363361680680622e-06,0.0010113862745723002,-0.0031222740280637427,0.003057731089305344,-0.011576611104238589,0.005169082542383512,-0.026052536789563995,0.00630749094506091,-0.04594695218179195,0.005964815664501393,-0.06946431502439637,0.004432184215320806,-0.09404562674905702,0.00256050877780333,-0.11682886808486563,0.0012021938642913115,-0.13502288663149795,0.0006905559953671103,-0.14626417362683425,0.0006717202802087102,-0.14902110095501128,0.0003922202506836525,-0.14293826658625405,-0.0007442301084423909,-0.1289186599933336,-0.002724932200246939,-0.10888642927935188,-0.004877655253541556,-0.08539095851929518,-0.006246852918514713,-0.06123191067261291,-0.006165928734594923,-0.039118683705892256,-0.00467936157950657,-0.021272087049421864,-0.002540384476166051,-0.008975151506028041,-0.000756845091242716,-0.002265643557950391,2.434725801583183e-05,1.9253427303259e-06
179,5.323263775645469,86598249.08552012,1.4551915228366852e-11,331.61144995524,2.68016745818021,0.2670691834318577,0.1225070122771619,0.006701882222818032,2.7495320981466347,1405.0720372109788,1.4635970089070334,5.168781661604841,563.616950025598,1.4635970089070334,5.168781661604841,563.616950025598,4.442207448325995,-2.4333116138228228e-05,2.9035855794489486e-06,0.0010291854051592021,-0.0031815483692028586,0.0030918614899062215,-0.011741461626180177,0.005203596110023454,-0.026332577119340197,0.006328381132493743,-0.04632618157032493,0.005967180784756235,-0.06991777268376843,0.004417103935184936,-0.09455458082639108,0.0025290459915089593,-0.11738949770587889,0.0011541154778098412,-0.13564785811079602,0.0006287772673863838,-0.14697752413156107,0.0006067477208599584,-0.14984699008897137,0.00033984273854146835,-0.14388691752000407,-0.0007728236406689089,-0.1299756345999304,-0.002733579296130534,-0.11000925221464176,-0.004886783953203276,-0.08651211398208666,-0.00628203089948806,-0.062266377426617836,-0.0062388554298769975,-0.03997780381301134,-0.0047748523282677355,-0.021886284592157645,-0.0026224648340929125,-0.009320988402543735,-0.0007949286142831135,-0.002384400817942415,2.415632065751129e-05,2.058519968295665e-06
180,5.323263775645469,86598249.08552012,1.4551915228366852e-11,331.61144995524,2.68016745818021,0.2670691834318577,0.1225070122771619,0.006701882222818032,2.7495320981466347,1405.0720372109788,1.4635970089070334,5.168781661604841,563.616950025598,1.4635970089070334,5.168781661604841,563.616950025598,4.516771970035598,-2.4109624048638756e-05,2.976140402921082e-06,0.0010485858585752373,-0.003246529324511281,0.0031289220932772966,-0.0119223022883035,0.0052407805708882494,-0.026639726925601407,0.006350518195177659,-0.04674131500619748,0.005969548300327543,-0.07041166842428163,0.004402079079096614,-0.0951036251666535,0.0024991303548630365,-0.11798534832795925,0.0011096699228345522,-0.1362997013003663,0.0005720986799591886,-0.14770751738059568,0.0005469671002288819,-0.15067937885055704,0.0002915622546461192,-0.14483385745101232,-0.0007986644296004203,-0.13102577132845528,-0.002740116070975566,-0.11112341651823171,-0.004893481638223814,-0.08762558875777206,-0.006314088456242498,-0.06329598920760089,-0.006308548161364698,-0.04083547254265716,-0.004868026001566954,-0.022501613697841736,-0.002703656213233093,-0.009668749491360252,-0.0008330209135076796,-0.0025042368784948116,2.3954289557421875e-05,2.191874752724236e-06
181,5.323263775645469,86598249.08552012,1.4551915228366852e-11,331.61144995524,2.68016745818021,0.2670691834318577,0.1225070122771619,0.006701882222818032,2.7495320981466347,1405.0720372109788,1.4635970089070334,5.168781661604841,563.616950025598,1.4635970089070334,5.168781661604841,563.616950025598,4.600869765846604,-2.3877400898101688e-05,3.053470222324713e-06,0.001069434329282981,-0.0033167833728061126,0.0031685620172500024,-0.01211784906983105,0.0052802067080599145,-0.026971687660003723,0.006373544717209617,-0.04718914922260212,0.005971687297495618,-0.07094220475765159,0.004386942786054016,-0.09568876159658214,0.0024705563453947506,-0.11861259092837931,0.0010685644121568145,-0.1369750378712131,0.0005201804604042919,-0.14845137192506963,0.0004920786361940396,-0.15151607627376684,0.00024717914027162986,-0.14577735937963662,-0.0008218568871632703,-0.13206763261029233,-0.0027445970173382494,-0.11222762295569567,-0.004897783592886863,-0.08873013985044237,-0.00634302814348227,-0.06431955781447424,-0.006374944455218472,-0.041690633713168404,-0.0049587585719406265,-0.023117267058559335,-0.0027838328769033095,-0.010017958349047786,-0.0008710609442157929,-0.0026249843293282187,2.3741744636126518e-05,2.3251713898298336e-06
182,5.323263775645469,86598249.08552012,1.4551915228366852e-11,331.61144995524,2.68016745818021,0.2670691834318577,0.1225070122771619,0.006701882222818032,2.7495320981466347,1405.0720372109788,1.4635970089070334,5.168781661604841,563.616950025598,1.4635970089070334,5.168781661604841,563.616950025598,4.694548204948752,-2.3636835356304832e-05,3.135065212784522e-06,0.0010915827293481897,-0.0033918925932778336,0.0032104417710725384,-0.0123268603510335,0.005321460063223522,-0.02732623084184568,0.006397118510190811,-0.04766657234993053,0.005973381227446074,-0.07150569044973623,0.004371540358755634,-0.09630610658924256,0.002443124684586125,-0.11926752347902657,0.0010305006927053724,-0.1376706376044141,0.00047266204621034864,-0.1492064913154303,0.00044174966423463996,-0.1523551318898349,0.0002064588647306874,-0.14671600212977173,-0.0008425316168445703,-0.13310014799744,-0.0027470909982411536,-0.11332098448465755,-0.004899735015804503,-0.0898249489788941,-0.00636887035603667,-0.06533629480366597,-0.00643801438302262,-0.042542566925922655,-0.005046967203568676,-0.0237326779277912,-0.0028629034331935643,-0.010368273298369625,-0.0009090030032386625,-0.0027465216452602433,2.3519197814011993e-05,2.458228211047535e-06
183,5.323263775645469,86598249.08552012,1.4551915228366852e-11,331.61144995524,2.68016745818021,0.2670691834318577,0.1225070122771619,0.006701882222818032,2.7495320981466347,1405.0720372109788,1.4635970089070334,5.168781661604841,563.616950025598,1.4635970089070334,5.168781661604841,563.616950025598,4.797813965784771,-2.3388274961346488e-05,3.220428965722932e-06,0.001114885949586215,-0.003471442995460852,0.0032542317235885383,-0.01254810730280209,0.005364143392656391,-0.027701153594784797,0.006420918911921815,-0.0481705127395668,0.00597443487892723,-0.07209849113863669,0.00435573343672511,-0.09695185331732548,0.002416642145108618,-0.11994654567235075,0.0009951714755020392,-0.13838340917959083,0.0004291575885719417,-0.14997047016496323,0.00039561134164157964,-0.15319485031793387,0.0001691302431193218,-0.14764868723446622,-0.0008608473834033667,-0.13412262721389676,-0.002747685916890042,-0.11440302654165525,-0.004899399788326029,-0.09090961206764812,-0.006391665011847131,-0.06634579077677147,-0.006497771559916808,-0.04339085870079328,-0.005132616755018298,-0.02434749085544184,-0.002940811925512517,-0.01071946600920296,-0.0009468154857278013,-0.0028687642276431294,2.3287132316903137e-05,2.590913450443171e-06
184,5.323263775645469,86598249.08552012,1.4551915228366852e-11,331.61144995524,2.68016745818021,0.2670691834318577,0.1225070122771619,0.006701882222818032,2.7495320981466347,1405.0720372109788,1.4635970089070334,5.168781661604841,563.616950025598,1.4635970089070334,5.168781661604841,563.616950025598,4.910720027697673,-2.3131956934191168e-05,3.3091210186128576e-06,0.0011392149128489862,-0.0035550722483332423,0.003299635452814991,-0.012780507564956762,0.005407897017546555,-0.028094505318622634,0.006444654570773317,-0.048698240242594684,0.005974671468190445,-0.07271736632894099,0.004339398059471336,-0.09762260350820776,0.0023909340715550583,-0.12064644690494439,0.000962294002129149,-0.13911061024015955,0.0003893059966675251,-0.15074120543437147,0.000353312275375937,-0.15403379862239924,0.00013492976782197993,-0.14857455682712545,-0.000876960851928659,-0.135134617589755,-0.0027464671001909955,-0.11547352092524255,-0.004896837219390874,-0.09198397737114236,-0.006411460366561147,-0.06734788248178497,-0.006554237346600377,-0.044235315141923116,-0.005215689854803132,-0.02496151863589079,-0.0030175220388094885,-0.011071409112603221,-0.00098447748230758,-0.0029916641076617664,2.3045914144581227e-05,2.7231345835854548e-06
185,5.323263775645469,86598249.08552012,1.4551915228366852e-11,331.61144995524,2.68016745818021,0.2670691834318577,0.1225070122771619,0.006701882222818032,2.7495320981466347,1405.0720372109788,1.4635970089070334,5.168781661604841,563.616950025598,1.4635970089070334,5.168781661604841,563.616950025598,5.033297296271016,-2.2868072756911595e-05,3.4007327719366375e-06,0.0011644493060924263,-0.0036424407616406813,0.0033463784550366972,-0.01302304671755209,0.005452391461368727,-0.028504459052063856,0.0064680638882257694,-0.04924720142034927,0.005973937920217152,-0.07335929215649209,0.004322427835757156,-0.09831519675597537,0.002365839543119089,-0.1213642612479789,0.0009315959594625205,-0.13984974064045783,0.00035275144565886116,-0.15151683166982743,0.0003144996666164257,-0.1548707826904898,0.00010358740776756782,-0.14949299854632742,-0.0008910366657591481,-0.13613592066932842,-0.0027435274120463367,-0.11653249704744188,-0.004892116244821377,-0.09304814547748143,-0.006428321399505606,-0.06834263698306764,-0.006607458758829795,-0.04507593105950665,-0.005296198206759481,-0.025574706948036638,-0.003093019792384138,-0.011424048194359989,-0.001021977272436066,-0.003115197646693443,2.2795863660756872e-05,2.8548326951689427e-06
186,5.323263775645469,86598249.08552012,1.4551915228366852e-11,331.61144995524,2.68016745818021,0.2670691834318577,0.1225070122771619,0.006701882222818032,2.7495320981466347,1405.0720372109788,1.4635970089070334,5.168781661604841,563.616950025598,1.4635970089070334,5.168781661604841,563.616950025598,5.165611084783759,-2.25967314544587e-05,3.4949065120486435e-06,0.0011904835796959588,-0.0037332555273396906,0.003394217699101278,-0.013274843962384143,0.00549733383761987,-0.028929420863072305,0.006490914457009205,-0.0498151598454082,0.005972099474414809,-0.07402161598571828,0.004304730307229421,-0.09902685943771658,0.0023412165247470866,-0.12209738915076779,0.0009028327665816148,-0.14059862131091336,0.0003191703379175558,-0.15229574542018307,0.00027884896804993616,-0.1557048142561235,7.4851734445901e-05,-0.15040356304828983,-0.0009032297933055536,-0.13712647611925344,-0.0027389541427904267,-0.11758011436727632,-0.004885300739573326,-0.09410234600180872,-0.0064423094755928795,-0.06933024853458832,-0.006657484263894618,-0.04591281882558187,-0.00537416138935349,-0.026187094393701236,-0.003167301498131581,-0.011777386580973579,-0.001059309226256157,-0.0032393627941668954,2.2537208185303236e-05,2.9859720559009964e-06
187,5.323263775645469,86598249.08552012,1.4551915228366852e-11,331.61144995524,2.68016745818021,0.2670691834318577,0.1225070122771619,0.006701882222818032,2.7495320981466347,1405.0720372109788,1.4635970089070334,5.168781661604841,563.616950025598,1.4635970089070334,5.168781661604841,563.616950025598,5.307745901720271,-2.2317981172665346e-05,3.5913261045022398e-06,0.0012172242540509648,-0.0038272605510362902,0.0034429367213499045,-0.013535125584597688,0.005542463314457955,-0.029367985357388642,0.006513000655268412,-0.0504001407967896,0.005969039082633214,-0.07470199209016906,0.004286226383765153,-0.09975513965721038,0.002316939727558358,-0.12284353856609849,0.0008757836949080893,-0.14135534285684567,0.00028826691353390355,-0.15307656484348361,0.0002460605017373717,-0.15653507723926435,4.848808743521696e-05,-0.15130593443547838,-0.000913686594570638,-0.1381063327477006,-0.002732830593809018,-0.11861662898702144,-0.0048764521749426,-0.09514690130454125,-0.00645348521739441,-0.07031100199816953,-0.006704365280898765,-0.04674617203601725,-0.005449606026362224,-0.026798784316235974,-0.003240371445182298,-0.012131467643243332,-0.001096472137265577,-0.0033641724245645527,2.2270104923127836e-05,3.1165340517624462e-06
188,5.323263775645469,86598249.08552012,1.4551915228366852e-11,331.61144995524,2.68016745818021,0.2670691834318577,0.1225070122771619,0.006701882222818032,2.7495320981466347,1405.0720372109788,1.4635970089070334,5.168781661604841,563.616950025598,1.4635970089070334,5.168781661604841,563.616950025598,5.459782464077446,-2.203183431563535e-05,3.6897091637957827e-06,0.0012445876042888131,-0.003924227402662684,0.00349234214300471,-0.013803199560137992,0.005587548909428355,-0.029818894448788238,0.006534143751427759,-0.051000376206390675,0.005964658862441279,-0.0753983241577951,0.00426685113996044,-0.10049785199637241,0.0022928992749938894,-0.1236006765282973,0.0008502483058918246,-0.14211822860735107,0.0002597687040746694,-0.15385810213425144,0.0002158555147184341,-0.15736090961347696,2.4275983211688746e-05,-0.15219991673086383,-0.0009225466204198892,-0.13907563548486246,-0.0027252384053526296,-0.11964237937649036,-0.004865633370337052,-0.09618220651399344,-0.006461913285011555,-0.07128524771192964,-0.006748160330823699,-0.04757624165765581,-0.005522567657322307,-0.02740992271489962,-0.003312241375240549,-0.012486359761243657,-0.001133468106720563,-0.0034896483080347766,2.1994667573531407e-05,3.2465131515343636e-06
189,5.323263775645469,86598249.08552012,1.4551915228366852e-11,331.61144995524,2.68016745818021,0.2670691834318577,0.1225070122771619,0.006701882222818032,2.7495320981466347,1405.0720372109788,1.4635970089070334,5.168781661604841,563.616950025598,1.4635970089070334,5.168781661604841,563.616950025598,5.621861570299857,-2.173822680989535e-05,3.789814946641143e-06,0.0012725023505819012,-0.0040239704548729665,0.0035422651329458407,-0.014078494556595232,0.0056323856084530815,-0.030281097108029176,0.0065541827982012555,-0.051614377256266566,0.005958869505049047,-0.0761088359045516,0.004246546690209999,-0.10125313600181281,0.002269000706727444,-0.12436706568436019,0.000826054575958875,-0.14288584120943074,0.00023344070331242538,-0.1546393384481758,0.00018799224481230278,-0.15818174666680337,2.023134665213459e-06,-0.1530853522847304,-0.0009299318932839361,-0.14003452858408208,-0.002716247805968269,-0.12065768612054174,-0.00485289554576181,-0.09720864228214747,-0.006467643831183196,-0.07225333358032823,-0.006788913222546095,-0.04840329085375851,-0.005593071987951472,-0.028020677492255,-0.003382920284837875,-0.012842151740627139,-0.0011703003201698396,-0.0036158220234207873,2.1710919825519748e-05,3.3759089179175237e-06
190,5.323263775645469,86598249.08552012,1.4551915228366852e-11,331.61144995524,2.68016745818021,0.2670691834318577,0.1225070122771619,0.006701882222818032,2.7495320981466347,1405.0720372109788,1.4635970089070334,5.168781661604841,563.616950025598,1.4635970089070334,5.168781661604841,563.616950025598,5.794089609403067,-2.1437094220110567e-05,3.891423264398488e-06,0.001300903087197445,-0.004126316737563045,0.0035925534557913843,-0.014360480198555618,0.005676792997938295,-0.03075362220564337,0.006572981885064464,-0.05224077457274526,0.005951601488924886,-0.07683190252196598,0.0042252694355542925,-0.10201930132876542,0.00224516194887851,-0.12514114236539786,0.0008030440935532054,-0.14365690771142342,0.00020906266810744712,-0.15541939958802398,0.00016224214372917886,-0.15899714449650731,-1.8453891569555066e-05,-0.1539621812099478,-0.0009359610859077129,-0.14098323427515466,-0.002705930884875704,-0.12166293099611544,-0.0048382964192596875,-0.09822663556612471,-0.006470737514910665,-0.07321564353834932,-0.006826680486209539,-0.04922760752353404,-0.005661156147951741,-0.028631229716733885,-0.0034524238795574573,-0.013198937195809833,-0.0012069737427572974,-0.0037427258961159338,2.1418880150056773e-05,3.5047283044019106e-06
191,5.323263775645469,86598249.08552012,1.4551915228366852e-11,331.61144995524,2.68016745818021,0.2670691834318577,0.1225070122771619,0.006701882222818032,2.7495320981466347,1405.0720372109788,1.4635970089070334,5.168781661604841,563.616950025598,1.4635970089070334,5.168781661604841,563.616950025598,5.976631145438341,-2.112830769872933e-05,3.994345967945179e-06,0.0013297341179643444,-0.004231127881969372,0.0036430734548380476,-0.014648722920145432,0.0057206096080738445,-0.03123566357652319,0.006590417226475965,-0.05287842080945754,0.005942790278912754,-0.07756615189521898,0.004202980189699634,-0.10279491141357679,0.0022213130295892056,-0.1259215702583741,0.00078108221785841,-0.14443033348810883,0.0001864466348527682,-0.15619752740158874,0.0001384093495190857,-0.15980671357281442,-3.7312938388462236e-05,-0.15483034430373513,-0.0009407365484642202,-0.14192193937420272,-0.002694348991717877,-0.12265844621075944,-0.004821882690605245,-0.0992365658592007,-0.006471240529475003,-0.07417252653103845,-0.006861502703880404,-0.05004946350179326,-0.005726844883489304,-0.029241761512822238,-0.0035207623979311526,-0.013556817789624878,-0.0012434930097873175,-0.0038703976551416495,2.1118490698229578e-05,3.6329779609301407e-06
192,5.323263775645469,86598249.08552012,1.4551915228366852e-11,331.61144995524,2.68016745818021,0.2670691834318577,0.1225070122771619,0.006701882222818032,2.7495320981466347,1405.0720372109788,1.4635970089070334,5.168781661604841,563.616950025598,1.4635970089070334,5.168781661604841,563.616950025598,6.169646619321013,-2.0811723934298356e-05,4.098413596089352e-06,0.0013589452861576161,-0.004338280681828818,0.0036937051541522433,-0.014942834688552993,0.005763692368447411,-0.03172649847315299,0.006606382158152588,-0.05352628596813568,0.0059323837796403335,-0.07831035585909572,0.004179648941845912,-0.1035786850305208,0.0021973941450098983,-0.12670716270526822,0.0007600484944757112,-0.1452051549981032,0.000165422176586599,-0.15697306861460658,0.00011631519234238764,-0.16061013501142743,-5.469889890471798e-05,-0.15568982397362677,-0.0009443535656544171,-0.14285085065785078,-0.00268156134966556,-0.12364456691941111,-0.004803701774277504,-0.10023880844543372,-0.006469200955649009,-0.07512432607364468,-0.006893422581226705,-0.0508691265022515,-0.005790164715670078,-0.029852451685367938,-0.0035879470487032,-0.013915893735359746,-0.00127986298960492,-0.003998874720332209,2.0809672881533878e-05,3.760666114346973e-06
193,5.323263775645469,86598249.08552012,1.4551915228366852e-11,331.61144995524,2.68016745818021,0.2670691834318577,0.1225070122771619,0.006701882222818032,2.7495320981466347,1405.0720372109788,1.4635970089070334,5.168781661604841,563.616950025598,1.4635970089070334,5.168781661604841,563.616950025598,6.373310644837793,-2.048717456110973e-05,4.203475389838128e-06,0.0013884920899003156,-0.0044476695351746386,0.0037443412090819262,-0.015242478470686239,0.005805913737770853,-0.032225494428208185,0.006620783083508851,-0.054183466981379165,0.005920338394079265,-0.07906343477843897,0.004155252157631513,-0.10436949415812893,0.002173354664963977,-0.12749687728452813,0.0007398373019784748,-0.14598052839178635,0.00014583823072313143,-0.15774545393841605,9.580052811925643e-05,-0.16140713971305787,-7.074147657082509e-05,-0.15654061940590322,-0.0009468983569559284,-0.14377016585431232,-0.0026676228019168243,-0.12462160626345803,-0.004783798463416242,-0.10123371167176673,-0.0064646638573685605,-0.07607136164106816,-0.006922479194277516,-0.05168684663678383,-0.005851138980881847,-0.030463470984558275,-0.0036539872889684937,-0.014276262988549022,-0.0013160881919448166,-0.004128194596825558,2.0492315972432568e-05,3.8878003058784875e-06
194,5.323263775645469,86598249.08552012,1.4551915228366852e-11,331.61144995524,2.68016745818021,0.2670691834318577,0.1225070122771619,0.006701882222818032,2.7495320981466347,1405.0720372109788,1.4635970089070334,5.168781661604841,563.616950025598,1.4635970089070334,5.168781661604841,563.616950025598,6.5878366329123335,-2.0154449815607214e-05,4.309398119816578e-06,0.00141833545048035,-0.004559208668378133,0.003794884678931962,-0.015547372297495449,0.005847157085159582,-0.03273211256748107,0.006633533834112089,-0.054849185254621985,0.0059066140691371016,-0.07982445167399439,0.004129769457489069,-0.10516635595074104,0.0021491515209601433,-0.1282897997710466,0.0007203575328197935,-0.146755709792666,0.0001275635784090686,-0.15851417811508076,7.672661194280533e-05,-0.1621974818519201,-8.555416315448543e-05,-0.1573827198984657,-0.0009484468417587054,-0.1446800498524069,-0.0026525818535935606,-0.12558983295595316,-0.004762211488275987,-0.10222157911182096,-0.00645766607503402,-0.07701391667018496,-0.006948701778324515,-0.052502853267418166,-0.005909782479107368,-0.03107498121259097,-0.0037188879960510972,-0.01463802305285052,-0.00135217227780416,-0.00425839635249483,2.0166260442511453e-05,4.014385368649158e-06
195,5.323263775645469,86598249.08552012,1.4551915228366852e-11,331.61144995524,2.68016745818021,0.2670691834318577,0.1225070122771619,0.006701882222818032,2.7495320981466347,1405.0720372109788,1.4635970089070334,5.168781661604841,563.616950025598,1.4635970089070334,5.168781661604841,563.616950025598,6.81341186238236,-1.9813349246879282e-05,4.416058687157544e-06,0.001448439291418718,-0.004672817361102421,0.0038452481464539955,-0.015857252224249007,0.0058873208082094374,-0.033245851916237114,0.006644564097397818,-0.05552272263353256,0.005891183390135174,-0.08059254781857451,0.004103189403634802,-0.10596837690122331,0.002124749232355189,-0.12908510871873874,0.0007015267649447051,-0.14753004157664168,0.00011047721116471436,-0.15927880868081057,5.8964758597084157e-05,-0.16298097279695947,-9.924285533682824e-05,-0.1582161523790548,-0.0009490713015153093,-0.14558068786519224,-0.002636487595234467,-0.12654952176784723,-0.004738983804621635,-0.10320271114433738,-0.006448251122126881,-0.07795226462511981,-0.006972126777314179,-0.05331736125735082,-0.005966115365784907,-0.031687130851919224,-0.0037826561200304996,-0.015001261681274997,-0.0013881187884170882,-0.004389514973772383,1.983135241893188e-05,4.140426178207481e-06
196,5.323263775645469,86598249.08552012,1.4551915228366852e-11,331.61144995524,2.68016745818021,0.2670691834318577,0.1225070122771619,0.006701882222818032,2.7495320981466347,1405.0720372109788,1.4635970089070334,5.168781661604841,563.616950025598,1.4635970089070334,5.168781661604841,563.616950025598,7.050284713282299,-1.9463616929512497e-05,4.523348276695974e-06,0.0014787721220501536,-0.00478843488165515,0.0038953512216175217,-0.016171907537588792,0.005926308495371703,-0.03376629823582813,0.006653804688778019,-0.056203471766501166,0.005874017324611698,-0.08136698821910394,0.004075500207260589,-0.10677478149739411,0.0021001175634005596,-0.1298820821184175,0.0006832752704518091,-0.14830293553701107,9.447635474340121e-05,-0.1600389458537155,4.240540847957222e-05,-0.1637574182585835,-0.0001118979221918146,-0.1590409079811279,-0.0009488335917697191,-0.14647220965655441,-0.0026193815793751607,-0.12750088492993522,-0.004714149702405404,-0.10417734898839935,-0.006436450146967119,-0.07888663438791858,-0.00699277579039941,-0.05413055944950339,-0.006020144850637972,-0.0323000591843411,-0.003845291625249287,-0.015366067938271562,-0.001423929983687019,-0.004521588351094223,1.948737562605673e-05,4.26592297536943e-06
197,5.323263775645469,86598249.08552012,1.4551915228366852e-11,331.61144995524,2.68016745818021,0.2670691834318577,0.1225070122771619,0.006701882222818032,2.7495320981466347,1405.0720372109788,1.4635970089070334,5.168781661604841,563.616950025598,1.4635970089070334,5.168781661604841,563.616950025598,7.298677013899331,-1.9105009139779815e-05,4.63116504421803e-06,0.0015093045477477,-0.004906002780377179,0.003945121037191313,-0.01649113743904755,0.005964036340850153,-0.03429306080072462,0.006661200236815674,-0.05689086575540175,0.005855098091501913,-0.08214709152049679,0.004046697932813946,-0.10758485960962112,0.002075232410121616,-0.13068006666769552,0.000665539823549737,-0.14907386990145666,7.94657367298342e-05,-0.16079424816971957,2.6946449173544736e-05,-0.1645266698661036,-0.00012360406972529835,-0.15985700925821464,-0.0009477930021270924,-0.14735476228098135,-0.002601306401139682,-0.128444139373461,-0.004687747914581719,-0.10514572976261904,-0.0064223012316648054,-0.07981724289732478,-0.007010677879609631,-0.054942621758607084,-0.006071883603522914,-0.03291389088838955,-0.003906796487116541,-0.015732520133617447,-0.0014596078997351329,-0.00465464985813441,1.9134123303067233e-05,4.390875452159049e-06
198,5.323263775645469,86598249.08552012,1.4551915228366852e-11,331.61144995524,2.68016745818021,0.2670691834318577,0.1225070122771619,0.006701882222818032,2.7495320981466347,1405.0720372109788,1.4635970089070334,5.168781661604841,563.616950025598,1.4635970089070334,5.168781661604841,563.616950025598,7.558848177213694,-1.873724607563776e-05,4.739416325522029e-06,0.0015400101841253197,-0.005025475143539485,0.003994489913424696,-0.016814774741966916,0.006000425450526964,-0.03482580439484769,0.006666698167806392,-0.05758441078499389,0.005834408770933771,-0.08293225868645665,0.004016779744744907,-0.10839798115089679,0.002050073883989462,-0.13147847846658403,0.0006482660133654628,-0.14984237320952512,6.536250160554797e-05,-0.1615443999150316,1.2498805290518403e-05,-0.16528858110688643,-0.00013443541690477808,-0.16066445916707914,-0.000946001910517281,-0.14822845729491663,-0.0025823002148078994,-0.12937946015311294,-0.004659812696566595,-0.10610804925653271,-0.006405836052538872,-0.08074427436330872,-0.0070258540490325495,-0.05575370069707029,-0.006121336859937238,-0.033528740602405106,-0.0039671683025535864,-0.016100694691904283,-0.0014951535770799278,-0.004788733722672494,1.8771347883980358e-05,4.515279559928093e-06
199,5.323263775645469,86598249.08552012,1.4551915228366852e-11,331.61144995524,2.68016745818021,0.2670691834318577,0.1225070122771619,0.006701882222818032,2.7495320981466347,1405.0720372109788,1.4635970089070334,5.168781661604841,563.616950025598,1.4635970089070334,5.168781661604841,563.616950025598,7.8310730875334364,-1.8360029072687383e-05,4.8480158768593755e-06,0.0015708647641738574,-0.005146813307241295,0.004043394926251241,-0.01714267254590312,0.006035403115921205,-0.035364229115594774,0.006670251502386093,-0.05828366105323749,0.00581193633837047,-0.08372194708982268,0.003985745836771214,-0.10921357511324907,0.0020246261779872142,-0.1322767881305508,0.0006314060051282197,-0.15060801732851406,5.2092580236801466e-05,-0.16228911499975007,-1.0174549372809089e-06,-0.16604301745284947,-0.0001444587352409681,-0.16146325653589036,-0.000943508242714516,-0.149093391547855,-0.0025623991857754826,-0.130306999687553,-0.004630377374335878,-0.10706447909558227,-0.006387085083872058,-0.08166788968671432,-0.007038323276106837,-0.05656393092984536,-0.006168507363165619,-0.03414471206199318,-0.004026402722173447,-0.01647066330708852,-0.0015305673543074617,-0.004923873199511981,1.8398779639006358e-05,4.639128557160499e-06
200,5.323263775645469,86598249.08552012,1.4551915228366852e-11,331.61144995524,2.68016745818021,0.2670691834318577,0.1225070122771619,0.006701882222818032,2.7495320981466347,1405.0720372109788,1.4635970089070334,5.168781661604841,563.616950025598,1.4635970089070334,5.168781661604841,563.616950025598,8.115615043740087,-1.7973062430474844e-05,4.956882402796011e-06,0.0016018456103914574,-0.005269981092744951,0.0040917785105286575,-0.017474692932732,0.006068905373936648,-0.035908054500947154,0.006671822630120773,-0.05898820259064936,0.005787675203896532,-0.08451565640372365,0.003953601517568878,-0.11003111917500615,0.0019988777815538204,-0.13307451588945404,0.0006149170395938692,-0.15137042193455416,3.958813147147234e-05,-0.16302814612064462,-1.3675880642505537e-05,-0.16678987189237887,-0.00015373576298093207,-0.16225341579785732,-0.0009403573012976035,-0.14994966481418176,-0.002541639540920794,-0.1312269044706652,-0.00459947765665735,-0.10801517760258343,-0.006366082666933406,-0.08258823579265948,-0.007048108562151589,-0.05737343184683228,-0.006213400539273424,-0.03476189586051438,-0.004084496025271841,-0.016842488984121086,-0.0015658491775172572,-0.005060098210881314,1.8016149503130526e-05,4.7624142331265355e-06
